Sta0267.cnv
* Sea-Bird SBE 9 Data File:
* FileName = C:\Seabird\CTDDATA\Sta0267.hex
* Software Version Seasave V 7.26.7.107
* Temperature SN = 03-4535
* Conductivity SN = 2860
* Number of Bytes Per Scan = 44
* Number of Voltage Words = 5
* Number of Scans Averaged by the Deck Unit = 1
* NMEA Latitude = 82 53.59 N
* NMEA Longitude = 006 15.63 W
* NMEA UTC (Time) = Oct 05 2019 09:47:40
* NMEA baud rate = 9600
** Ship: "Kronprins Haakon"
** Station: 267
** Echodepth: 3897
** Log: 8063.105
** Wind-Dir Force(m/s): 20 05
** Air-temp (dry): -5.8
** Weather Sky: 2 8
** Sea Ice: 0 5
# nquan = 15
# nvalues = 3951                        
# units = specified
# name 0 = scan: Scan Count
# name 1 = prDM: Pressure, Digiquartz [db]
# name 2 = depSM: Depth [salt water, m]
# name 3 = t068C: Temperature [IPTS-68, deg C]
# name 4 = c0S/m: Conductivity [S/m]
# name 5 = sal00: Salinity, Practical [PSU]
# name 6 = sigma-é00: Density [sigma-theta, kg/m^3]
# name 7 = sbeox0Mg/L: Oxygen, SBE 43 [mg/l]
# name 8 = sbeox0PS: Oxygen, SBE 43 [% saturation]
# name 9 = flECO-AFL: Fluorescence, WET Labs ECO-AFL/FL [mg/m^3]
# name 10 = CStarTr0: Beam Transmission, WET Labs C-Star [%]
# name 11 = svCM: Sound Velocity [Chen-Millero, m/s]
# name 12 = latitude: Latitude [deg]
# name 13 = longitude: Longitude [deg]
# name 14 = flag: flag
# span 0 =       1178,     158931       
# span 1 =     10.108,   4040.754       
# span 2 =     10.000,   3960.000       
# span 3 =    -1.7285,     1.2755       
# span 4 =   2.508343,   3.019872       
# span 5 =    31.5464,    34.9315       
# span 6 =    25.3719,    28.0936       
# span 7 =     9.8583,    13.5859       
# span 8 =     84.559,    110.638       
# span 9 =    -0.0103,     0.1811       
# span 10 =    96.5522,    98.5530      
# span 11 =    1436.51,    1514.27      
# span 12 =   82.89331,   82.89414      
# span 13 =   -6.26034,   -6.21253      
# span 14 = 0.0000e+00, 0.0000e+00      
# interval = meters: 1                  
# start_time = Oct 05 2019 09:47:40 [System UTC, first data scan.]
# bad_flag = -9.990e-29
*END*
[from data line 675]
      17358    693.539    685.000     0.1690   2.941424    34.8897    28.0097    10.4683     91.780     0.0008    98.4549    1461.11   82.89356   -6.25714 0.0000e+00
      17381    694.553    686.000     0.1674   2.941339    34.8898    28.0098    10.4569     91.677     0.0014    98.4564    1461.12   82.89356   -6.25714 0.0000e+00
      17405    695.567    687.000     0.1648   2.941164    34.8898    28.0100    10.4478     91.591     0.0095    98.4623    1461.12   82.89356   -6.25714 0.0000e+00
      17428    696.581    688.000     0.1630   2.941044    34.8897    28.0100    10.4489     91.596     0.0093    98.4518    1461.13   82.89356   -6.25714 0.0000e+00
      17452    697.595    689.000     0.1615   2.940974    34.8898    28.0102    10.4375     91.493     0.0023    98.4535    1461.14   82.89356   -6.25712 0.0000e+00
      17475    698.610    690.000     0.1591   2.940804    34.8898    28.0103    10.4507     91.602     0.0005    98.4693    1461.15   82.89356   -6.25712 0.0000e+00
      17498    699.623    691.000     0.1563   2.940613    34.8898    28.0105    10.4577     91.657    -0.0006    98.4495    1461.15   82.89356   -6.25712 0.0000e+00
      17522    700.638    692.000     0.1539   2.940451    34.8899    28.0107    10.4539     91.618     0.0010    98.4663    1461.16   82.89356   -6.25712 0.0000e+00
      17545    701.652    693.000     0.1525   2.940381    34.8899    28.0107    10.4593     91.662     0.0014    98.4587    1461.17   82.89356   -6.25710 0.0000e+00
      17569    702.666    694.000     0.1516   2.940347    34.8899    28.0108    10.4510     91.587     0.0027    98.4557    1461.18   82.89356   -6.25710 0.0000e+00
      17592    703.681    695.000     0.1507   2.940319    34.8899    28.0109    10.4653     91.711     0.0096    98.4653    1461.19   82.89356   -6.25710 0.0000e+00
      17616    704.695    696.000     0.1480   2.940140    34.8900    28.0111    10.4684     91.732     0.0096    98.4621    1461.20   82.89356   -6.25709 0.0000e+00
      17639    705.709    697.000     0.1462   2.940018    34.8899    28.0111    10.4632     91.681     0.0096    98.4548    1461.20   82.89356   -6.25708 0.0000e+00
      17662    706.723    698.000     0.1457   2.940029    34.8900    28.0112    10.4573     91.629     0.0017    98.4571    1461.22   82.89356   -6.25708 0.0000e+00
      17686    707.737    699.000     0.1452   2.940022    34.8899    28.0112    10.4497     91.561     0.0074    98.4590    1461.23   82.89356   -6.25708 0.0000e+00
      17709    708.751    700.000     0.1445   2.939998    34.8898    28.0111    10.4604     91.653     0.0096    98.4570    1461.25   82.89356   -6.25708 0.0000e+00
      17733    709.766    701.000     0.1432   2.939949    34.8899    28.0113    10.4576     91.625     0.0096    98.4534    1461.26   82.89356 -9.990e-29 0.0000e+00
      17756    710.780    702.000     0.1413   2.939815    34.8898    28.0113    10.4592     91.634     0.0058    98.4619    1461.26   82.89356 -9.990e-29 0.0000e+00
      17779    711.794    703.000     0.1410   2.939842    34.8899    28.0114    10.4429     91.491     0.0008    98.4661    1461.28   82.89356 -9.990e-29 0.0000e+00
      17803    712.809    704.000     0.1405   2.939849    34.8899    28.0115    10.4445     91.504     0.0010    98.4494    1461.30   82.89356   -6.25704 0.0000e+00
      17826    713.822    705.000     0.1391   2.939781    34.8900    28.0116    10.4323     91.394     0.0011    98.4511    1461.30   82.89356   -6.25704 0.0000e+00
      17850    714.837    706.000     0.1373   2.939665    34.8899    28.0117    10.4497     91.542     0.0096    98.4658    1461.31   82.89356   -6.25704 0.0000e+00
      17873    715.851    707.000     0.1353   2.939545    34.8900    28.0119    10.4591     91.619     0.0096    98.4726    1461.32   82.89356   -6.25703 0.0000e+00
      17896    716.865    708.000     0.1317   2.939284    34.8901    28.0121    10.4477     91.511     0.0017    98.4689    1461.32   82.89356   -6.25702 0.0000e+00
      17920    717.880    709.000     0.1302   2.939203    34.8901    28.0122    10.4579     91.597     0.0022    98.4528    1461.33   82.89356   -6.25702 0.0000e+00
      17943    718.894    710.000     0.1276   2.939034    34.8902    28.0125    10.4602     91.611     0.0062    98.4560    1461.34   82.89356   -6.25702 0.0000e+00
      17966    719.908    711.000     0.1270   2.939016    34.8901    28.0123    10.4613     91.619     0.0096    98.4729    1461.35   82.89356   -6.25701 0.0000e+00
      17989    720.922    712.000     0.1261   2.938983    34.8901    28.0124    10.4739     91.727     0.0108    98.4649    1461.36   82.89356   -6.25700 0.0000e+00
      18012    721.937    713.000     0.1243   2.938869    34.8900    28.0124    10.4771     91.751     0.0100    98.4608    1461.37   82.89358   -6.25700 0.0000e+00
      18035    722.951    714.000     0.1226   2.938781    34.8901    28.0127    10.4649     91.640     0.0013    98.4684    1461.38   82.89358   -6.25700 0.0000e+00
      18059    723.966    715.000     0.1200   2.938610    34.8903    28.0129    10.4699     91.677     0.0096    98.4721    1461.39   82.89358   -6.25698 0.0000e+00
      18082    724.980    716.000     0.1156   2.938291    34.8905    28.0133    10.4634     91.610     0.0096    98.4581    1461.38   82.89358   -6.25698 0.0000e+00
      18105    725.994    717.000     0.1129   2.938101    34.8905    28.0135    10.4675     91.640     0.0030    98.4660    1461.39   82.89358   -6.25698 0.0000e+00
      18128    727.008    718.000     0.1105   2.937940    34.8904    28.0136    10.4546     91.521     0.0064    98.4560    1461.39   82.89358   -6.25698 0.0000e+00
      18151    728.022    719.000     0.1103   2.937968    34.8904    28.0135    10.4553     91.527     0.0096    98.4740    1461.41   82.89358   -6.25696 0.0000e+00
      18174    729.037    720.000     0.1089   2.937890    34.8904    28.0136    10.4647     91.606     0.0093    98.4717    1461.42   82.89358   -6.25696 0.0000e+00
      18197    730.051    721.000     0.1028   2.937430    34.8906    28.0142    10.4608     91.557     0.0096    98.1432    1461.41   82.89358   -6.25696 0.0000e+00
      18220    731.066    722.000     0.0996   2.937187    34.8905    28.0142    10.4650     91.587     0.0096    98.2710    1461.41   82.89358   -6.25694 0.0000e+00
      18243    732.080    723.000     0.0972   2.937030    34.8905    28.0144    10.4534     91.479     0.0096    98.4711    1461.41   82.89358   -6.25694 0.0000e+00
      18267    733.094    724.000     0.0967   2.937022    34.8904    28.0143    10.4439     91.395     0.0096    98.4691    1461.43   82.89358   -6.25694 0.0000e+00
      18290    734.109    725.000     0.0958   2.936991    34.8904    28.0144    10.4588     91.523     0.0138    98.4658    1461.44   82.89358   -6.25694 0.0000e+00
      18313    735.123    726.000     0.0951   2.936985    34.8906    28.0145    10.4689     91.610     0.0036    98.4673    1461.46   82.89358   -6.25692 0.0000e+00
      18336    736.137    727.000     0.0946   2.936989    34.8906    28.0146    10.4640     91.566     0.0014    98.4593    1461.47   82.89358   -6.25692 0.0000e+00
      18359    737.152    728.000     0.0936   2.936946    34.8906    28.0147    10.4599     91.527     0.0055    98.4593    1461.48   82.89358   -6.25692 0.0000e+00
      18382    738.166    729.000     0.0915   2.936814    34.8906    28.0147    10.4531     91.463     0.0061    98.4707    1461.49   82.89358   -6.25692 0.0000e+00
      18405    739.180    730.000     0.0903   2.936761    34.8906    28.0148    10.4567     91.491     0.0029    98.4668    1461.50   82.89358   -6.25692 0.0000e+00
      18428    740.195    731.000     0.0875   2.936574    34.8908    28.0151    10.4681     91.585     0.0097    98.4562    1461.50   82.89358 -9.990e-29 0.0000e+00
      18451    741.209    732.000     0.0858   2.936472    34.8907    28.0152    10.4709     91.605     0.0095    98.4654    1461.51   82.89358 -9.990e-29 0.0000e+00
      18475    742.224    733.000     0.0854   2.936484    34.8907    28.0152    10.4726     91.619     0.0009    98.4654    1461.53   82.89358 -9.990e-29 0.0000e+00
      18498    743.238    734.000     0.0844   2.936432    34.8906    28.0152    10.4753     91.641     0.0079    98.4643    1461.54   82.89358 -9.990e-29 0.0000e+00
      18521    744.252    735.000     0.0832   2.936368    34.8906    28.0152    10.4619     91.520     0.0096    98.4561    1461.55   82.89358 -9.990e-29 0.0000e+00
      18544    745.267    736.000     0.0819   2.936309    34.8907    28.0153    10.4642     91.537     0.0043    98.4674    1461.56   82.89358 -9.990e-29 0.0000e+00
      18567    746.281    737.000     0.0806   2.936242    34.8907    28.0155    10.4635     91.528     0.0013    98.4567    1461.57   82.89358 -9.990e-29 0.0000e+00
      18590    747.295    738.000     0.0771   2.935999    34.8908    28.0158    10.4654     91.536     0.0007    98.4552    1461.57   82.89358   -6.25686 0.0000e+00
      18613    748.310    739.000     0.0757   2.935921    34.8907    28.0158    10.4649     91.529     0.0005    98.4684    1461.58   82.89358   -6.25686 0.0000e+00
      18636    749.325    740.000     0.0746   2.935878    34.8908    28.0158    10.4704     91.574     0.0008    98.4741    1461.59   82.89358   -6.25686 0.0000e+00
      18659    750.339    741.000     0.0735   2.935829    34.8908    28.0159    10.4664     91.537     0.0095    98.4740    1461.61   82.89358   -6.25686 0.0000e+00
      18682    751.353    742.000     0.0715   2.935705    34.8909    28.0161    10.4658     91.526     0.0011    98.4622    1461.62   82.89358   -6.25686 0.0000e+00
      18706    752.368    743.000     0.0688   2.935522    34.8910    28.0163    10.4649     91.512     0.0007    98.4545    1461.62   82.89358   -6.25684 0.0000e+00
      18729    753.382    744.000     0.0670   2.935414    34.8909    28.0164    10.4658     91.517     0.0010    98.4670    1461.63   82.89358   -6.25684 0.0000e+00
      18752    754.397    745.000     0.0660   2.935384    34.8911    28.0166    10.4577     91.443     0.0010    98.4572    1461.64   82.89358   -6.25684 0.0000e+00
      18775    755.411    746.000     0.0638   2.935232    34.8910    28.0166    10.4752     91.591     0.0051    98.4594    1461.65   82.89358   -6.25682 0.0000e+00
      18798    756.425    747.000     0.0622   2.935131    34.8909    28.0167    10.4817     91.643     0.0077    98.4650    1461.66   82.89358   -6.25682 0.0000e+00
      18821    757.440    748.000     0.0607   2.935057    34.8910    28.0168    10.4714     91.550     0.0009    98.4615    1461.67   82.89358   -6.25682 0.0000e+00
      18844    758.454    749.000     0.0580   2.934872    34.8910    28.0169    10.4878     91.687     0.0014    98.4730    1461.67   82.89358   -6.25682 0.0000e+00
      18867    759.469    750.000     0.0553   2.934672    34.8909    28.0170    10.4753     91.571     0.0008    98.4751    1461.67   82.89358   -6.25680 0.0000e+00
      18890    760.483    751.000     0.0545   2.934660    34.8910    28.0172    10.4590     91.426    -0.0003    98.4716    1461.69   82.89358   -6.25680 0.0000e+00
      18913    761.498    752.000     0.0533   2.934594    34.8909    28.0171    10.4543     91.383     0.0010    98.4720    1461.70   82.89358   -6.25680 0.0000e+00
      18936    762.512    753.000     0.0518   2.934518    34.8910    28.0173    10.4690     91.508     0.0054    98.4715    1461.71   82.89358   -6.25680 0.0000e+00
      18959    763.527    754.000     0.0516   2.934533    34.8909    28.0172    10.4734     91.546     0.0095    98.4750    1461.72   82.89358   -6.25679 0.0000e+00
      18981    764.541    755.000     0.0506   2.934506    34.8910    28.0173    10.4750     91.557     0.0066    98.4739    1461.74   82.89358   -6.25678 0.0000e+00
      19004    765.556    756.000     0.0498   2.934480    34.8910    28.0175    10.4678     91.492     0.0019    98.4717    1461.75   82.89358   -6.25678 0.0000e+00
      19027    766.571    757.000     0.0494   2.934485    34.8909    28.0173    10.4635     91.455     0.0093    98.4653    1461.76   82.89358   -6.25677 0.0000e+00
      19050    767.585    758.000     0.0482   2.934426    34.8909    28.0174    10.4774     91.573     0.0096    98.4590    1461.78   82.89358   -6.25676 0.0000e+00
      19073    768.599    759.000     0.0472   2.934384    34.8909    28.0175    10.4811     91.603    -0.0002    98.4674    1461.79   82.89358   -6.25676 0.0000e+00
      19096    769.614    760.000     0.0455   2.934295    34.8911    28.0178    10.4642     91.451     0.0003    98.4736    1461.80   82.89358   -6.25676 0.0000e+00
      19118    770.628    761.000     0.0434   2.934165    34.8911    28.0179    10.4553     91.368     0.0002    98.4705    1461.80   82.89358   -6.25675 0.0000e+00
      19141    771.643    762.000     0.0421   2.934103    34.8912    28.0180    10.4451     91.276     0.0014    98.4684    1461.81   82.89358   -6.25674 0.0000e+00
      19164    772.657    763.000     0.0404   2.934009    34.8912    28.0181    10.4387     91.216     0.0032    98.4619    1461.82   82.89358   -6.25674 0.0000e+00
      19187    773.672    764.000     0.0389   2.933926    34.8913    28.0183    10.4531     91.338     0.0078    98.4580    1461.83   82.89358   -6.25674 0.0000e+00
      19210    774.686    765.000     0.0366   2.933776    34.8914    28.0184    10.4582     91.377     0.0005    98.4659    1461.84   82.89358   -6.25674 0.0000e+00
      19232    775.701    766.000     0.0354   2.933722    34.8914    28.0185    10.4585     91.377     0.0009    98.4610    1461.85   82.89358   -6.25672 0.0000e+00
      19255    776.716    767.000     0.0335   2.933616    34.8915    28.0187    10.4641     91.422     0.0001    98.4506    1461.86   82.89358   -6.25672 0.0000e+00
      19278    777.730    768.000     0.0309   2.933447    34.8916    28.0189    10.4668     91.440     0.0064    98.4672    1461.86   82.89358   -6.25672 0.0000e+00
      19301    778.745    769.000     0.0275   2.933211    34.8918    28.0193    10.4700     91.459     0.0039    98.4560    1461.86   82.89358   -6.25672 0.0000e+00
      19324    779.759    770.000     0.0259   2.933110    34.8917    28.0193    10.4676     91.434     0.0036    98.4565    1461.88   82.89358 -9.990e-29 0.0000e+00
      19346    780.774    771.000     0.0235   2.932968    34.8919    28.0196    10.4685     91.436     0.0079    98.4574    1461.88   82.89358 -9.990e-29 0.0000e+00
      19369    781.789    772.000     0.0221   2.932898    34.8920    28.0197    10.4698     91.445     0.0010    98.4655    1461.89   82.89358 -9.990e-29 0.0000e+00
      19392    782.803    773.000     0.0223   2.932940    34.8918    28.0195    10.4652     91.405    -0.0002    98.4653    1461.91   82.89358   -6.25670 0.0000e+00
      19415    783.818    774.000     0.0226   2.933017    34.8918    28.0196    10.4668     91.420     0.0003    98.4679    1461.93   82.89358   -6.25669 0.0000e+00
      19438    784.832    775.000     0.0223   2.933034    34.8918    28.0196    10.4584     91.346     0.0077    98.4740    1461.94   82.89358   -6.25668 0.0000e+00
      19461    785.847    776.000     0.0222   2.933060    34.8917    28.0195    10.4767     91.505     0.0036    98.4740    1461.96   82.89358   -6.25668 0.0000e+00
      19484    786.861    777.000     0.0219   2.933095    34.8919    28.0197    10.4659     91.410    -0.0017    98.4695    1461.97   82.89358   -6.25667 0.0000e+00
      19507    787.876    778.000     0.0216   2.933115    34.8918    28.0196    10.4505     91.275    -0.0013    98.4616    1461.99   82.89358   -6.25666 0.0000e+00
      19530    788.891    779.000     0.0205   2.933068    34.8919    28.0198    10.4567     91.327    -0.0013    98.4717    1462.00   82.89358   -6.25666 0.0000e+00
      19553    789.905    780.000     0.0192   2.933001    34.8919    28.0198    10.4501     91.265    -0.0004    98.4698    1462.01   82.89358   -6.25666 0.0000e+00
