Sta0264.cnv
* Sea-Bird SBE 9 Data File:
* FileName = C:\Seabird\CTDDATA\test0264.hex
* Software Version Seasave V 7.26.7.107
* Temperature SN = 03-4535
* Conductivity SN = 2860
* Number of Bytes Per Scan = 44
* Number of Voltage Words = 5
* Number of Scans Averaged by the Deck Unit = 1
* NMEA Latitude = 82 52.68 N
* NMEA Longitude = 006 22.37 W
* NMEA UTC (Time) = Oct 02 2019 09:14:31
* NMEA baud rate = 9600
** Ship: "Kronprins Haakon"
** Station: 264
** Echodepth: 4175
** Log: 8016.022
** Wind-Dir Force(m/s): 18 07
** Air-temp (dry): -7.6
** Weather Sky: 2 8
** Sea Ice: 1 7
# nquan = 15
# nvalues = 3991                        
# units = specified
# name 0 = scan: Scan Count
# name 1 = prDM: Pressure, Digiquartz [db]
# name 2 = depSM: Depth [salt water, m]
# name 3 = t068C: Temperature [IPTS-68, deg C]
# name 4 = c0S/m: Conductivity [S/m]
# name 5 = sal00: Salinity, Practical [PSU]
# name 6 = sigma-é00: Density [sigma-theta, kg/m^3]
# name 7 = sbeox0Mg/L: Oxygen, SBE 43 [mg/l]
# name 8 = sbeox0PS: Oxygen, SBE 43 [% saturation]
# name 9 = flECO-AFL: Fluorescence, WET Labs ECO-AFL/FL [mg/m^3]
# name 10 = CStarTr0: Beam Transmission, WET Labs C-Star [%]
# name 11 = svCM: Sound Velocity [Chen-Millero, m/s]
# name 12 = latitude: Latitude [deg]
# name 13 = longitude: Longitude [deg]
# name 14 = flag: flag
# span 0 =       1932,     142081       
# span 1 =     14.151,   4086.069       
# span 2 =     14.000,   4004.000       
# span 3 =    -1.7444,     1.0535       
# span 4 =   2.511052,   3.010503       
# span 5 =    31.5783,    34.9310       
# span 6 =    25.3978,    28.0931       
# span 7 =     9.8465,    13.5910       
# span 8 =     84.580,    110.718       
# span 9 =    -0.0055,     0.2306       
# span 10 =    94.0553,    95.9658      
# span 11 =    1436.59,    1515.08      
# span 12 =   82.87808,   82.87871      
# span 13 =   -6.37154,   -6.34234      
# span 14 = 0.0000e+00, 0.0000e+00      
# interval = meters: 1                  
# start_time = Oct 02 2019 09:14:32 [System UTC, first data scan.]
# bad_flag = -9.990e-29
*END*
       1932     14.151     14.000    -1.7444   2.512351    31.6171    25.4296    13.4657    109.645     0.2306    94.2566    1436.59   82.87838   -6.37154 0.0000e+00
       6897     15.162     15.000    -1.6990   2.513948    31.5901    25.4068    13.5083    110.107     0.1918    94.1513    1436.79   82.87816   -6.37128 0.0000e+00
       8879     16.173     16.000    -1.6725   2.515338    31.5804    25.3985    13.5084    110.178     0.1877    94.0553    1436.92   82.87808   -6.37129 0.0000e+00
       8987     17.184     17.000    -1.6879   2.514401    31.5833    25.4011    13.5800    110.718     0.1798    94.1155    1436.87   82.87808   -6.37128 0.0000e+00
       9057     18.195     18.000    -1.7124   2.512583    31.5838    25.4020    13.5498    110.399     0.1823    94.1054    1436.77   82.87808   -6.37127 0.0000e+00
       9135     19.206     19.000    -1.7286   2.511190    31.5812    25.4002    13.5815    110.607     0.1892    94.1298    1436.70   82.87809   -6.37126 0.0000e+00
       9203     20.216     20.000    -1.7288   2.511132    31.5799    25.3992    13.5756    110.557     0.1865    94.0962    1436.72   82.87810   -6.37125 0.0000e+00
       9256     21.227     21.000    -1.7288   2.511052    31.5783    25.3978    13.5739    110.542     0.1797    94.1183    1436.73   82.87810   -6.37124 0.0000e+00
       9309     22.238     22.000    -1.7292   2.511590    31.5855    25.4037    13.5910    110.686     0.1785    94.0947    1436.75   82.87810   -6.37124 0.0000e+00
       9362     23.249     23.000    -1.7297   2.512255    31.5946    25.4111    13.5756    110.566     0.1753    94.1243    1436.78   82.87810   -6.37122 0.0000e+00
       9417     24.260     24.000    -1.7297   2.512388    31.5959    25.4121    13.5627    110.462     0.1746    94.1340    1436.80   82.87810   -6.37121 0.0000e+00
       9471     25.271     25.000    -1.7297   2.512443    31.5960    25.4122    13.5590    110.432     0.1884    94.1341    1436.81   82.87810   -6.37120 0.0000e+00
       9523     26.282     26.000    -1.7297   2.512510    31.5963    25.4125    13.5654    110.485     0.1773    94.1463    1436.83   82.87810   -6.37120 0.0000e+00
       9576     27.292     27.000    -1.7297   2.512610    31.5971    25.4131    13.5658    110.488     0.1782    94.1584    1436.85   82.87810   -6.37118 0.0000e+00
       9628     28.304     28.000    -1.7297   2.512708    31.5978    25.4137    13.5592    110.435     0.1837    94.1585    1436.87   82.87810   -6.37117 0.0000e+00
       9681     29.315     29.000    -1.7297   2.512869    31.5994    25.4150    13.5588    110.433     0.1805    94.1386    1436.88   82.87810   -6.37116 0.0000e+00
       9733     30.325     30.000    -1.7296   2.512969    31.6001    25.4155    13.5564    110.414     0.1815    94.1664    1436.90   82.87810   -6.37115 0.0000e+00
       9786     31.336     31.000    -1.7296   2.513054    31.6006    25.4160    13.5458    110.329     0.1804    94.1786    1436.92   82.87810   -6.37114 0.0000e+00
       9836     32.347     32.000    -1.7296   2.513177    31.6017    25.4169    13.5409    110.289     0.1814    94.1773    1436.94   82.87810   -6.37113 0.0000e+00
       9884     33.358     33.000    -1.7295   2.513274    31.6024    25.4174    13.5506    110.369     0.1794    94.1727    1436.95   82.87810   -6.37112 0.0000e+00
       9933     34.369     34.000    -1.7295   2.513353    31.6029    25.4178    13.5620    110.462     0.1703    94.1721    1436.97   82.87810   -6.37111 0.0000e+00
       9979     35.380     35.000    -1.7295   2.513446    31.6035    25.4183    13.5657    110.493     0.1787    94.1797    1436.99   82.87810   -6.37110 0.0000e+00
      10025     36.391     36.000    -1.7294   2.513582    31.6047    25.4193    13.5595    110.443     0.1741    94.1793    1437.01   82.87810   -6.37109 0.0000e+00
      10072     37.402     37.000    -1.7294   2.513737    31.6062    25.4205    13.5644    110.485     0.1815    94.1922    1437.03   82.87810   -6.37108 0.0000e+00
      10117     38.413     38.000    -1.7292   2.513962    31.6085    25.4224    13.5729    110.556     0.1786    94.1946    1437.05   82.87810   -6.37107 0.0000e+00
      10163     39.424     39.000    -1.7287   2.514452    31.6142    25.4270    13.5657    110.503     0.1795    94.1841    1437.07   82.87810   -6.37106 0.0000e+00
      10208     40.435     40.000    -1.7120   2.536856    31.9051    25.6631    13.5313    110.503     0.1778    94.1921    1437.56   82.87810   -6.37104 0.0000e+00
      10253     41.446     41.000    -1.6848   2.574259    32.3919    26.0580    13.4748    110.504     0.1745    94.1937    1438.37   82.87810   -6.37104 0.0000e+00
      10299     42.457     42.000    -1.6800   2.584310    32.5252    26.1662    13.2966    109.161     0.1820    94.2035    1438.59   82.87810   -6.37103 0.0000e+00
      10345     43.468     43.000    -1.6825   2.588080    32.5794    26.2103    12.9984    106.747     0.1711    94.1760    1438.67   82.87810   -6.37102 0.0000e+00
      10390     44.479     44.000    -1.6922   2.593004    32.6576    26.2741    12.8970    105.945     0.1758    94.1788    1438.75   82.87810   -6.37101 0.0000e+00
      10433     45.489     45.000    -1.7013   2.598774    32.7469    26.3469    12.9017    106.025     0.1681    94.1812    1438.84   82.87810   -6.37100 0.0000e+00
      10476     46.501     46.000    -1.6973   2.604707    32.8241    26.4095    12.9094    106.158     0.1353    94.1883    1438.98   82.87810   -6.37098 0.0000e+00
      10518     47.512     47.000    -1.7005   2.606799    32.8560    26.4355    12.8656    105.813     0.1336    94.2221    1439.03   82.87810   -6.37098 0.0000e+00
      10560     48.523     48.000    -1.7017   2.608198    32.8761    26.4519    12.7470    104.849     0.1338    94.2581    1439.07   82.87810   -6.37096 0.0000e+00
      10601     49.534     49.000    -1.7068   2.611522    32.9272    26.4935    12.7224    104.670     0.1382    94.2929    1439.13   82.87810   -6.37096 0.0000e+00
      10641     50.545     50.000    -1.7091   2.612784    32.9467    26.5094    12.7180    104.642     0.1349    94.3151    1439.16   82.87810   -6.37094 0.0000e+00
      10680     51.556     51.000    -1.7137   2.615707    32.9916    26.5460    12.7228    104.702     0.1237    94.3219    1439.21   82.87810   -6.37094 0.0000e+00
      10720     52.567     52.000    -1.7198   2.618725    33.0397    26.5852    12.7327    104.802     0.1269    94.3586    1439.27   82.87810   -6.37093 0.0000e+00
      10760     53.578     53.000    -1.7223   2.620018    33.0599    26.6017    12.7714    105.129     0.1269    94.3822    1439.30   82.87810   -6.37092 0.0000e+00
      10800     54.589     54.000    -1.7235   2.621542    33.0817    26.6195    12.8056    105.423     0.1228    94.1441    1439.34   82.87810   -6.37091 0.0000e+00
      10840     55.600     55.000    -1.7265   2.623216    33.1076    26.6406    12.8043    105.423     0.1194    94.4161    1439.38   82.87810   -6.37090 0.0000e+00
      10872     56.611     56.000    -1.7294   2.624406    33.1267    26.6562    12.7742    105.182     0.1135    94.4245    1439.40   82.87810   -6.37090 0.0000e+00
      10906     57.622     57.000    -1.7315   2.625179    33.1392    26.6664    12.7582    105.053     0.1050    94.4538    1439.43   82.87810   -6.37088 0.0000e+00
      10960     58.633     58.000    -1.7335   2.626205    33.1550    26.6793    12.7668    105.130     0.1119    94.4711    1439.46   82.87810   -6.37087 0.0000e+00
      11049     59.644     59.000    -1.7343   2.627598    33.1746    26.6952    12.7137    104.706     0.1103    94.4725    1439.49   82.87810   -6.37086 0.0000e+00
      11079     60.655     60.000    -1.7335   2.629337    33.1973    26.7136    12.7143    104.730     0.1025    94.4915    1439.55   82.87810   -6.37084 0.0000e+00
      11103     61.667     61.000    -1.7269   2.631574    33.2204    26.7323    12.7152    104.773     0.0967    94.5076    1439.63   82.87810   -6.37084 0.0000e+00
      11127     62.678     62.000    -1.7192   2.633777    33.2416    26.7494    12.7391    105.007     0.0937    94.5101    1439.71   82.87810   -6.37083 0.0000e+00
      11150     63.689     63.000    -1.7132   2.634983    33.2511    26.7569    12.7326    104.977     0.0983    94.5152    1439.76   82.87810   -6.37082 0.0000e+00
      11174     64.700     64.000    -1.6690   2.641567    33.2922    26.7892    12.6671    104.593     0.0985    94.5187    1440.05   82.87810   -6.37082 0.0000e+00
      11198     65.711     65.000    -1.6310   2.647644    33.3332    26.8216    12.5791    104.004     0.0980    94.5178    1440.30   82.87810   -6.37082 0.0000e+00
      11221     66.722     66.000    -1.6095   2.652044    33.3694    26.8504    12.4830    103.296     0.0931    94.5312    1440.47   82.87810   -6.37081 0.0000e+00
      11245     67.733     67.000    -1.6130   2.653003    33.3860    26.8640    12.2661    101.503     0.0974    94.5401    1440.49   82.87810   -6.37080 0.0000e+00
      11269     68.744     68.000    -1.6081   2.654225    33.3967    26.8726    11.8577     98.144     0.0943    94.5579    1440.55   82.87810   -6.37080 0.0000e+00
      11293     69.755     69.000    -1.6032   2.657263    33.4326    26.9016    11.4492     94.800     0.0967    94.5680    1440.64   82.87810   -6.37080 0.0000e+00
      11316     70.766     70.000    -1.5820   2.662194    33.4765    26.9367    11.2702     93.400     0.1017    94.5812    1440.82   82.87810   -6.37078 0.0000e+00
      11340     71.778     71.000    -1.5651   2.666849    33.5212    26.9726    11.2616     93.401     0.1027    94.6041    1440.97   82.87810   -6.37078 0.0000e+00
      11363     72.788     72.000    -1.5594   2.669482    33.5506    26.9963    11.3037     93.785     0.0970    94.6313    1441.06   82.87810   -6.37078 0.0000e+00
      11387     73.799     73.000    -1.5705   2.670014    33.5699    27.0123    11.2629     93.431     0.0915    94.6406    1441.05   82.87810   -6.37078 0.0000e+00
      11411     74.811     74.000    -1.5944   2.668768    33.5790    27.0203    11.1672     92.583     0.0835    94.6482    1440.96   82.87810   -6.37076 0.0000e+00
      11434     75.822     75.000    -1.6076   2.669388    33.6018    27.0392    11.0750     91.801     0.0983    94.6755    1440.94   82.87810   -6.37076 0.0000e+00
      11457     76.833     76.000    -1.6097   2.671512    33.6330    27.0646    11.0381     91.510     0.0919    94.6958    1440.99   82.87810   -6.37076 0.0000e+00
      11481     77.844     77.000    -1.6559   2.669913    33.6624    27.0898    11.1636     92.455     0.0857    94.7070    1440.83   82.87810   -6.37074 0.0000e+00
      11504     78.856     78.000    -1.6925   2.668666    33.6861    27.1100    11.3495     93.917     0.0829    94.7201    1440.70   82.87810   -6.37074 0.0000e+00
      11527     79.866     79.000    -1.6957   2.670076    33.7086    27.1284    11.4858     95.052     0.0794    94.7250    1440.73   82.87810   -6.37074 0.0000e+00
      11550     80.878     80.000    -1.6911   2.671579    33.7236    27.1404    11.7024     96.867     0.0756    94.7259    1440.79   82.87810   -6.37074 0.0000e+00
      11573     81.889     81.000    -1.6882   2.672150    33.7276    27.1436    12.0341     99.624     0.0775    94.7407    1440.83   82.87810   -6.37072 0.0000e+00
      11597     82.900     82.000    -1.6852   2.672816    33.7328    27.1478    12.3115    101.932     0.0830    94.7473    1440.87   82.87810   -6.37072 0.0000e+00
      11620     83.911     83.000    -1.6707   2.675033    33.7465    27.1584    12.3898    102.631     0.0835    94.7480    1440.97   82.87810   -6.37072 0.0000e+00
      11643     84.923     84.000    -1.6499   2.678278    33.7673    27.1748    12.3700    102.539     0.0765    94.7637    1441.12   82.87810   -6.37070 0.0000e+00
      11667     85.934     85.000    -1.6413   2.680177    33.7833    27.1876    12.3294    102.238     0.0756    94.7681    1441.19   82.87810   -6.37070 0.0000e+00
      11690     86.945     86.000    -1.6478   2.680496    33.7944    27.1968    12.2604    101.656     0.0759    94.7749    1441.19   82.87810   -6.37070 0.0000e+00
      11713     87.956     87.000    -1.6361   2.682542    33.8089    27.2083    12.0941    100.319     0.0762    94.7975    1441.29   82.87810   -6.37070 0.0000e+00
      11737     88.967     88.000    -1.6541   2.682594    33.8295    27.2255    11.9595     99.169     0.0756    94.8027    1441.24   82.87810   -6.37068 0.0000e+00
      11760     89.978     89.000    -1.6718   2.682587    33.8488    27.2417    11.8897     98.557     0.0640    94.8170    1441.20   82.87810   -6.37068 0.0000e+00
      11784     90.989     90.000    -1.6643   2.683628    33.8541    27.2458    11.8354     98.130     0.0505    94.8338    1441.26   82.87810   -6.37068 0.0000e+00
      11807     92.001     91.000    -1.6449   2.685750    33.8609    27.2507    11.8510     98.315     0.0594    94.8487    1441.38   82.87810   -6.37068 0.0000e+00
      11831     93.012     92.000    -1.6435   2.686459    33.8685    27.2569    11.9631     99.255     0.0463    94.8541    1441.42   82.87810 -9.990e-29 0.0000e+00
      11854     94.024     93.000    -1.6397   2.688277    33.8887    27.2732    12.0657    100.131     0.0463    94.8635    1441.48   82.87810 -9.990e-29 0.0000e+00
      11877     95.035     94.000    -1.6353   2.689552    33.9008    27.2830    12.0330     99.879     0.0463    94.8881    1441.53   82.87810 -9.990e-29 0.0000e+00
      11900     96.046     95.000    -1.6319   2.690199    33.9052    27.2865    11.9504     99.206     0.0521    94.8917    1441.57   82.87810   -6.37064 0.0000e+00
      11924     97.057     96.000    -1.6131   2.693679    33.9315    27.3073    11.8865     98.745     0.0536    94.9124    1441.71   82.87810   -6.37064 0.0000e+00
      11947     98.069     97.000    -1.6061   2.695312    33.9455    27.3184    11.8772     98.696     0.0577    94.9329    1441.78   82.87810   -6.37064 0.0000e+00
      11970     99.080     98.000    -1.6042   2.695813    33.9496    27.3218    11.8723     98.663     0.0580    94.9374    1441.81   82.87810   -6.37063 0.0000e+00
      11993    100.091     99.000    -1.6034   2.696831    33.9622    27.3320    11.8114     98.168     0.0515    94.9713    1441.85   82.87810   -6.37062 0.0000e+00
      12017    101.102    100.000    -1.6031   2.697753    33.9740    27.3415    11.7454     97.628     0.0463    94.9736    1441.88   82.87810   -6.37062 0.0000e+00
      12040    102.113    101.000    -1.6052   2.698336    33.9838    27.3495    11.7181     97.402     0.0466    94.9967    1441.90   82.87810   -6.37062 0.0000e+00
      12063    103.125    102.000    -1.6011   2.699855    33.9996    27.3623    11.7104     97.360     0.0535    94.9964    1441.96   82.87810   -6.37061 0.0000e+00
      12087    104.136    103.000    -1.5873   2.701836    34.0106    27.3708    11.7054     97.363     0.0467    95.0184    1442.06   82.87810   -6.37060 0.0000e+00
      12110    105.147    104.000    -1.5809   2.702729    34.0151    27.3743    11.7279     97.569     0.0403    95.0444    1442.11   82.87810   -6.37060 0.0000e+00
      12133    106.159    105.000    -1.5782   2.703182    34.0176    27.3762    11.7595     97.841     0.0438    95.0609    1442.14   82.87810   -6.37060 0.0000e+00
      12156    107.170    106.000    -1.5764   2.703297    34.0165    27.3753    11.7485     97.753     0.0425    95.0608    1442.17   82.87810   -6.37060 0.0000e+00
      12179    108.181    107.000    -1.5736   2.704507    34.0294    27.3857    11.7075     97.429     0.0420    95.0835    1442.22   82.87810   -6.37058 0.0000e+00
      12203    109.192    108.000    -1.5831   2.704135    34.0345    27.3901    11.6858     97.227     0.0433    95.0984    1442.19   82.87810   -6.37058 0.0000e+00
      12226    110.204    109.000    -1.5780   2.705283    34.0439    27.3976    11.6575     97.012     0.0390    95.1096    1442.25   82.87810   -6.37058 0.0000e+00
