Sta0266.cnv
* Sea-Bird SBE 9 Data File:
* FileName = C:\Seabird\CTDDATA\Sta0266.hex
* Software Version Seasave V 7.26.7.107
* Temperature SN = 03-4535
* Conductivity SN = 2860
* Number of Bytes Per Scan = 44
* Number of Voltage Words = 5
* Number of Scans Averaged by the Deck Unit = 1
* NMEA Latitude = 82 54.00 N
* NMEA Longitude = 006 14.84 W
* NMEA UTC (Time) = Oct 04 2019 04:36:38
* NMEA baud rate = 9600
** Ship: "Kronprins Haakon"
** Station: 266
** Echodepth: 3817
** Log: 8040.187
** Wind-Dir Force(m/s): 09 03
** Air-temp (dry): -12.4
** Weather Sky: 2 7
** Sea Ice: 0 5
# nquan = 15
# nvalues = 3860                        
# units = specified
# name 0 = scan: Scan Count
# name 1 = prDM: Pressure, Digiquartz [db]
# name 2 = depSM: Depth [salt water, m]
# name 3 = t068C: Temperature [IPTS-68, deg C]
# name 4 = c0S/m: Conductivity [S/m]
# name 5 = sal00: Salinity, Practical [PSU]
# name 6 = sigma-é00: Density [sigma-theta, kg/m^3]
# name 7 = sbeox0Mg/L: Oxygen, SBE 43 [mg/l]
# name 8 = sbeox0PS: Oxygen, SBE 43 [% saturation]
# name 9 = flECO-AFL: Fluorescence, WET Labs ECO-AFL/FL [mg/m^3]
# name 10 = CStarTr0: Beam Transmission, WET Labs C-Star [%]
# name 11 = svCM: Sound Velocity [Chen-Millero, m/s]
# name 12 = latitude: Latitude [deg]
# name 13 = longitude: Longitude [deg]
# name 14 = flag: flag
# span 0 =       1320,      96114       
# span 1 =      6.065,   3942.943       
# span 2 =      6.000,   3865.000       
# span 3 =    -1.7321,     1.2878       
# span 4 =   2.508454,   3.021016       
# span 5 =    31.5469,    34.9314       
# span 6 =    25.3722,    28.0935       
# span 7 =     9.8401,    13.4555       
# span 8 =     84.470,    109.568       
# span 9 =    -0.0068,     0.2263       
# span 10 =    93.7430,    95.9388      
# span 11 =    1436.48,    1512.53      
# span 12 =   82.90002,   82.90052      
# span 13 =   -6.25656,   -6.24747      
# span 14 = 0.0000e+00, 0.0000e+00      
# interval = meters: 1                  
# start_time = Oct 04 2019 04:36:39 [System UTC, first data scan.]
# bad_flag = -9.990e-29
*END*
[from data line 868]
      22689    885.301    874.000    -0.0984   2.927508    34.8971    28.0304    10.4463     90.956     0.0039    95.8680    1463.05   82.90008   -6.24934 0.0000e+00
      22712    886.316    875.000    -0.0987   2.927540    34.8972    28.0305    10.4346     90.854     0.0068    95.8771    1463.07   82.90008   -6.24934 0.0000e+00
      22736    887.331    876.000    -0.1004   2.927435    34.8972    28.0306    10.4384     90.883     0.0093    95.8817    1463.08   82.90008   -6.24934 0.0000e+00
      22759    888.346    877.000    -0.1009   2.927438    34.8972    28.0306    10.4379     90.877     0.0096    95.8844    1463.09   82.90008   -6.24936 0.0000e+00
      22782    889.361    878.000    -0.1011   2.927479    34.8974    28.0308    10.4265     90.778     0.0096    95.8584    1463.11   82.90008   -6.24936 0.0000e+00
      22806    890.376    879.000    -0.1027   2.927375    34.8973    28.0308    10.4227     90.740     0.0087    95.8835    1463.12   82.90008   -6.24936 0.0000e+00
      22829    891.391    880.000    -0.1069   2.927082    34.8975    28.0312    10.4317     90.809     0.0021    95.8859    1463.11   82.90008   -6.24936 0.0000e+00
      22852    892.406    881.000    -0.1102   2.926845    34.8975    28.0314    10.4431     90.901     0.0096    95.8804    1463.11   82.90008   -6.24936 0.0000e+00
      22876    893.422    882.000    -0.1118   2.926733    34.8973    28.0313    10.4462     90.924     0.0096    95.8831    1463.12   82.90008   -6.24936 0.0000e+00
      22899    894.437    883.000    -0.1128   2.926695    34.8973    28.0314    10.4373     90.843     0.0096    95.8811    1463.14   82.90008   -6.24936 0.0000e+00
      22923    895.452    884.000    -0.1145   2.926590    34.8973    28.0315    10.4334     90.806     0.0096    95.8831    1463.15   82.90008   -6.24936 0.0000e+00
      22946    896.467    885.000    -0.1171   2.926408    34.8973    28.0315    10.4458     90.908     0.0096    95.8454    1463.15   82.90008   -6.24936 0.0000e+00
      22969    897.482    886.000    -0.1179   2.926369    34.8971    28.0314    10.4478     90.923     0.0063    95.8248    1463.16   82.90008   -6.24936 0.0000e+00
      22993    898.498    887.000    -0.1183   2.926386    34.8971    28.0315    10.4497     90.939     0.0018    95.8848    1463.18   82.90008   -6.24936 0.0000e+00
      23016    899.512    888.000    -0.1190   2.926360    34.8970    28.0314    10.4457     90.902     0.0017    95.8778    1463.19   82.90008   -6.24937 0.0000e+00
      23039    900.528    889.000    -0.1201   2.926309    34.8969    28.0314    10.4446     90.890     0.0017    95.8796    1463.20   82.90008   -6.24938 0.0000e+00
      23063    901.543    890.000    -0.1196   2.926397    34.8969    28.0314    10.4513     90.950     0.0096    95.8785    1463.22   82.90008   -6.24938 0.0000e+00
      23086    902.558    891.000    -0.1226   2.926189    34.8970    28.0317    10.4405     90.849     0.0096    95.8837    1463.23   82.90008   -6.24938 0.0000e+00
      23110    903.573    892.000    -0.1238   2.926124    34.8969    28.0316    10.4373     90.817     0.0029    95.8733    1463.24   82.90008   -6.24938 0.0000e+00
      23134    904.588    893.000    -0.1253   2.926051    34.8971    28.0318    10.4363     90.805     0.0079    95.8772    1463.25   82.90008   -6.24938 0.0000e+00
      23158    905.603    894.000    -0.1269   2.925966    34.8972    28.0320    10.4245     90.699     0.0097    95.8848    1463.26   82.90008   -6.24938 0.0000e+00
      23181    906.619    895.000    -0.1279   2.925914    34.8971    28.0320    10.4364     90.800     0.0096    95.8695    1463.27   82.90008   -6.24938 0.0000e+00
      23205    907.634    896.000    -0.1282   2.925941    34.8971    28.0320    10.4452     90.876     0.0061    95.8832    1463.29   82.90008   -6.24938 0.0000e+00
      23228    908.649    897.000    -0.1294   2.925888    34.8972    28.0321    10.4541     90.951     0.0061    95.8803    1463.30   82.90008   -6.24938 0.0000e+00
      23251    909.664    898.000    -0.1299   2.925889    34.8972    28.0321    10.4549     90.956     0.0141    95.8800    1463.31   82.90008   -6.24939 0.0000e+00
      23275    910.680    899.000    -0.1301   2.925916    34.8972    28.0322    10.4487     90.902     0.0016    95.8773    1463.33   82.90008   -6.24940 0.0000e+00
      23298    911.695    900.000    -0.1306   2.925912    34.8971    28.0322    10.4379     90.806     0.0009    95.8720    1463.34   82.90008   -6.24940 0.0000e+00
      23322    912.710    901.000    -0.1320   2.925843    34.8973    28.0324    10.4334     90.765     0.0010    95.8814    1463.35   82.90008   -6.24940 0.0000e+00
      23345    913.725    902.000    -0.1327   2.925834    34.8973    28.0324    10.4266     90.703     0.0018    95.8804    1463.36   82.90008   -6.24940 0.0000e+00
      23368    914.740    903.000    -0.1346   2.925735    34.8975    28.0327    10.4184     90.628     0.0074    95.8806    1463.37   82.90008   -6.24940 0.0000e+00
      23392    915.755    904.000    -0.1368   2.925596    34.8976    28.0329    10.4292     90.717     0.0096    95.8627    1463.38   82.90008   -6.24940 0.0000e+00
      23415    916.771    905.000    -0.1379   2.925555    34.8977    28.0331    10.4396     90.804     0.0059    95.8724    1463.39   82.90008   -6.24940 0.0000e+00
      23438    917.786    906.000    -0.1383   2.925563    34.8977    28.0331    10.4451     90.851     0.0041    95.8827    1463.41   82.90008   -6.24940 0.0000e+00
      23462    918.801    907.000    -0.1398   2.925484    34.8978    28.0332    10.4360     90.769     0.0095    95.8870    1463.42   82.90008   -6.24941 0.0000e+00
      23485    919.816    908.000    -0.1405   2.925481    34.8979    28.0333    10.4404     90.806     0.0084    95.8871    1463.43   82.90008   -6.24942 0.0000e+00
      23508    920.831    909.000    -0.1407   2.925499    34.8978    28.0333    10.4364     90.771     0.0023    95.8829    1463.44   82.90008   -6.24942 0.0000e+00
      23532    921.847    910.000    -0.1409   2.925529    34.8978    28.0333    10.4357     90.764     0.0023    95.8803    1463.46   82.90008   -6.24942 0.0000e+00
      23555    922.862    911.000    -0.1411   2.925559    34.8979    28.0334    10.4327     90.737     0.0141    95.8736    1463.48   82.90008   -6.24942 0.0000e+00
      23578    923.877    912.000    -0.1412   2.925589    34.8979    28.0334    10.4212     90.636     0.0112    95.8835    1463.49   82.90008   -6.24942 0.0000e+00
      23602    924.892    913.000    -0.1413   2.925627    34.8979    28.0333    10.4346     90.753     0.0041    95.8796    1463.51   82.90008   -6.24942 0.0000e+00
      23625    925.908    914.000    -0.1417   2.925637    34.8979    28.0334    10.4399     90.798     0.0089    95.8804    1463.52   82.90008   -6.24942 0.0000e+00
      23648    926.923    915.000    -0.1426   2.925612    34.8979    28.0335    10.4328     90.735     0.0112    95.8828    1463.54   82.90008   -6.24942 0.0000e+00
      23672    927.938    916.000    -0.1436   2.925575    34.8979    28.0336    10.4293     90.702     0.0018    95.8848    1463.55   82.90008   -6.24942 0.0000e+00
      23695    928.954    917.000    -0.1446   2.925524    34.8979    28.0335    10.4370     90.766     0.0033    95.8826    1463.56   82.90008   -6.24942 0.0000e+00
      23718    929.969    918.000    -0.1461   2.925453    34.8981    28.0338    10.4437     90.821     0.0099    95.8764    1463.57   82.90008   -6.24944 0.0000e+00
      23742    930.984    919.000    -0.1470   2.925419    34.8981    28.0339    10.4185     90.600     0.0169    95.8735    1463.58   82.90008   -6.24944 0.0000e+00
      23765    932.000    920.000    -0.1472   2.925446    34.8980    28.0338    10.4144     90.564     0.0032    95.8713    1463.60   82.90008   -6.24944 0.0000e+00
      23789    933.015    921.000    -0.1471   2.925498    34.8980    28.0337    10.4370     90.760     0.0078    95.8660    1463.62   82.90008   -6.24944 0.0000e+00
      23812    934.030    922.000    -0.1484   2.925441    34.8981    28.0339    10.4248     90.651     0.0045    95.8787    1463.63   82.90008   -6.24944 0.0000e+00
      23835    935.046    923.000    -0.1497   2.925372    34.8981    28.0340    10.4198     90.605     0.0062    95.8689    1463.64   82.90008   -6.24944 0.0000e+00
      23859    936.061    924.000    -0.1524   2.925202    34.8983    28.0343    10.4102     90.515     0.0095    95.8768    1463.64   82.90008   -6.24944 0.0000e+00
      23882    937.076    925.000    -0.1558   2.924951    34.8983    28.0344    10.4212     90.603     0.0074    95.8725    1463.64   82.90008   -6.24944 0.0000e+00
      23905    938.092    926.000    -0.1569   2.924907    34.8983    28.0345    10.4285     90.663     0.0022    95.8698    1463.66   82.90008   -6.24944 0.0000e+00
      23929    939.107    927.000    -0.1573   2.924905    34.8982    28.0345    10.4274     90.653     0.0023    95.8658    1463.67   82.90008   -6.24944 0.0000e+00
      23952    940.122    928.000    -0.1583   2.924866    34.8982    28.0345    10.4361     90.726     0.0017    95.8725    1463.68   82.90008   -6.24945 0.0000e+00
      23975    941.138    929.000    -0.1598   2.924787    34.8983    28.0347    10.4217     90.598     0.0091    95.8702    1463.69   82.90008   -6.24946 0.0000e+00
      23999    942.153    930.000    -0.1611   2.924727    34.8984    28.0349    10.4220     90.597     0.0031    95.8829    1463.70   82.90008   -6.24946 0.0000e+00
      24022    943.168    931.000    -0.1616   2.924732    34.8984    28.0349    10.4283     90.650     0.0023    95.8766    1463.72   82.90008   -6.24946 0.0000e+00
      24045    944.183    932.000    -0.1617   2.924760    34.8984    28.0349    10.4339     90.699     0.0020    95.8669    1463.74   82.90008   -6.24946 0.0000e+00
      24069    945.199    933.000    -0.1622   2.924773    34.8985    28.0350    10.4360     90.716     0.0017    95.8746    1463.75   82.90008   -6.24946 0.0000e+00
      24092    946.214    934.000    -0.1631   2.924756    34.8986    28.0351    10.4239     90.609     0.0039    95.8699    1463.76   82.90008   -6.24946 0.0000e+00
      24116    947.230    935.000    -0.1636   2.924761    34.8987    28.0352    10.4097     90.484     0.0078    95.8794    1463.78   82.90008   -6.24946 0.0000e+00
      24139    948.245    936.000    -0.1627   2.924877    34.8987    28.0352    10.4201     90.577     0.0023    95.8689    1463.80   82.90008   -6.24946 0.0000e+00
      24162    949.260    937.000    -0.1629   2.924903    34.8987    28.0351    10.4381     90.733     0.0027    95.8701    1463.81   82.90008   -6.24947 0.0000e+00
      24186    950.276    938.000    -0.1635   2.924909    34.8988    28.0353    10.4366     90.718     0.0163    95.8746    1463.83   82.90008   -6.24948 0.0000e+00
      24209    951.291    939.000    -0.1655   2.924789    34.8988    28.0354    10.4304     90.660     0.0102    95.8829    1463.84   82.90008   -6.24948 0.0000e+00
      24232    952.306    940.000    -0.1673   2.924682    34.8989    28.0356    10.4174     90.543     0.0038    95.8797    1463.84   82.90008   -6.24948 0.0000e+00
      24256    953.322    941.000    -0.1683   2.924637    34.8990    28.0357    10.4264     90.618     0.0066    95.8791    1463.86   82.90008   -6.24948 0.0000e+00
      24279    954.338    942.000    -0.1703   2.924526    34.8991    28.0359    10.4275     90.624     0.0096    95.8699    1463.87   82.90008   -6.24948 0.0000e+00
      24302    955.353    943.000    -0.1715   2.924467    34.8991    28.0359    10.4274     90.620     0.0066    95.8759    1463.88   82.90008   -6.24948 0.0000e+00
      24326    956.369    944.000    -0.1730   2.924381    34.8991    28.0360    10.4194     90.546     0.0042    95.8728    1463.89   82.90008   -6.24948 0.0000e+00
      24349    957.384    945.000    -0.1743   2.924316    34.8990    28.0361    10.4328     90.660     0.0096    95.8804    1463.90   82.90008   -6.24948 0.0000e+00
      24373    958.399    946.000    -0.1751   2.924283    34.8990    28.0360    10.4298     90.632     0.0093    95.8816    1463.91   82.90008   -6.24948 0.0000e+00
      24396    959.415    947.000    -0.1759   2.924261    34.8990    28.0361    10.4262     90.599     0.0021    95.8738    1463.92   82.90008   -6.24948 0.0000e+00
      24419    960.430    948.000    -0.1772   2.924196    34.8990    28.0362    10.4145     90.494     0.0086    95.8827    1463.93   82.90008 -9.990e-29 0.0000e+00
      24443    961.446    949.000    -0.1780   2.924174    34.8991    28.0363    10.4166     90.511     0.0036    95.8866    1463.95   82.90008 -9.990e-29 0.0000e+00
      24466    962.461    950.000    -0.1787   2.924150    34.8990    28.0363    10.4285     90.612     0.0023    95.8793    1463.96   82.90008 -9.990e-29 0.0000e+00
      24489    963.476    951.000    -0.1790   2.924178    34.8990    28.0363    10.4173     90.514     0.0062    95.8712    1463.98   82.90008   -6.24950 0.0000e+00
      24513    964.492    952.000    -0.1792   2.924200    34.8990    28.0363    10.4225     90.558     0.0096    95.8758    1463.99   82.90008   -6.24950 0.0000e+00
      24536    965.507    953.000    -0.1794   2.924225    34.8990    28.0363    10.4286     90.611     0.0072    95.8689    1464.01   82.90008   -6.24950 0.0000e+00
      24560    966.523    954.000    -0.1802   2.924208    34.8990    28.0364    10.4276     90.601     0.0024    95.8782    1464.02   82.90008   -6.24950 0.0000e+00
      24583    967.538    955.000    -0.1809   2.924205    34.8992    28.0366    10.4269     90.593     0.0029    95.8790    1464.03   82.90008   -6.24950 0.0000e+00
      24606    968.554    956.000    -0.1816   2.924190    34.8992    28.0365    10.4192     90.525     0.0097    95.8692    1464.05   82.90008   -6.24950 0.0000e+00
      24630    969.569    957.000    -0.1827   2.924136    34.8992    28.0366    10.4058     90.405     0.0096    95.8783    1464.06   82.90008   -6.24952 0.0000e+00
      24653    970.585    958.000    -0.1846   2.924020    34.8992    28.0367    10.4092     90.431     0.0096    95.8815    1464.07   82.90008   -6.24952 0.0000e+00
      24676    971.600    959.000    -0.1857   2.923971    34.8992    28.0368    10.4018     90.364     0.0096    95.8708    1464.08   82.90008   -6.24952 0.0000e+00
      24700    972.616    960.000    -0.1863   2.923964    34.8992    28.0369    10.4041     90.382     0.0096    95.8644    1464.09   82.90008   -6.24952 0.0000e+00
      24723    973.631    961.000    -0.1881   2.923869    34.8994    28.0371    10.4152     90.474     0.0058    95.8789    1464.10   82.90008   -6.24952 0.0000e+00
      24746    974.647    962.000    -0.1888   2.923857    34.8994    28.0371    10.4213     90.526     0.0020    95.8747    1464.12   82.90008   -6.24952 0.0000e+00
      24770    975.662    963.000    -0.1890   2.923884    34.8995    28.0372    10.4130     90.453     0.0039    95.8731    1464.13   82.90008   -6.24952 0.0000e+00
      24793    976.678    964.000    -0.1893   2.923901    34.8994    28.0371    10.4195     90.509     0.0084    95.8713    1464.15   82.90008   -6.24952 0.0000e+00
      24817    977.693    965.000    -0.1900   2.923883    34.8994    28.0372    10.4325     90.620     0.0015    95.8774    1464.16   82.90008   -6.24952 0.0000e+00
      24840    978.709    966.000    -0.1907   2.923884    34.8996    28.0374    10.4115     90.436     0.0016    95.8803    1464.17   82.90008   -6.24952 0.0000e+00
      24863    979.724    967.000    -0.1907   2.923923    34.8996    28.0374    10.4207     90.516     0.0009    95.8847    1464.19   82.90008   -6.24952 0.0000e+00
      24887    980.740    968.000    -0.1910   2.923936    34.8995    28.0374    10.4209     90.517     0.0018    95.8825    1464.21   82.90008   -6.24953 0.0000e+00
