Sta0267.cnv
* Sea-Bird SBE 9 Data File:
* FileName = C:\Seabird\CTDDATA\Sta0267.hex
* Software Version Seasave V 7.26.7.107
* Temperature SN = 03-4535
* Conductivity SN = 2860
* Number of Bytes Per Scan = 44
* Number of Voltage Words = 5
* Number of Scans Averaged by the Deck Unit = 1
* NMEA Latitude = 82 53.59 N
* NMEA Longitude = 006 15.63 W
* NMEA UTC (Time) = Oct 05 2019 09:47:40
* NMEA baud rate = 9600
** Ship: "Kronprins Haakon"
** Station: 267
** Echodepth: 3897
** Log: 8063.105
** Wind-Dir Force(m/s): 20 05
** Air-temp (dry): -5.8
** Weather Sky: 2 8
** Sea Ice: 0 5
# nquan = 15
# nvalues = 3951                        
# units = specified
# name 0 = scan: Scan Count
# name 1 = prDM: Pressure, Digiquartz [db]
# name 2 = depSM: Depth [salt water, m]
# name 3 = t068C: Temperature [IPTS-68, deg C]
# name 4 = c0S/m: Conductivity [S/m]
# name 5 = sal00: Salinity, Practical [PSU]
# name 6 = sigma-é00: Density [sigma-theta, kg/m^3]
# name 7 = sbeox0Mg/L: Oxygen, SBE 43 [mg/l]
# name 8 = sbeox0PS: Oxygen, SBE 43 [% saturation]
# name 9 = flECO-AFL: Fluorescence, WET Labs ECO-AFL/FL [mg/m^3]
# name 10 = CStarTr0: Beam Transmission, WET Labs C-Star [%]
# name 11 = svCM: Sound Velocity [Chen-Millero, m/s]
# name 12 = latitude: Latitude [deg]
# name 13 = longitude: Longitude [deg]
# name 14 = flag: flag
# span 0 =       1178,     158931       
# span 1 =     10.108,   4040.754       
# span 2 =     10.000,   3960.000       
# span 3 =    -1.7285,     1.2755       
# span 4 =   2.508343,   3.019872       
# span 5 =    31.5464,    34.9315       
# span 6 =    25.3719,    28.0936       
# span 7 =     9.8583,    13.5859       
# span 8 =     84.559,    110.638       
# span 9 =    -0.0103,     0.1811       
# span 10 =    96.5522,    98.5530      
# span 11 =    1436.51,    1514.27      
# span 12 =   82.89331,   82.89414      
# span 13 =   -6.26034,   -6.21253      
# span 14 = 0.0000e+00, 0.0000e+00      
# interval = meters: 1                  
# start_time = Oct 05 2019 09:47:40 [System UTC, first data scan.]
# bad_flag = -9.990e-29
*END*
[from data line 579]
      15109    596.203    589.000     0.3853   2.955792    34.8910    27.9982    10.4306     91.965     0.0032    98.4671    1460.50   82.89354   -6.25764 0.0000e+00
      15133    597.216    590.000     0.3829   2.955613    34.8908    27.9981    10.4404     92.045     0.0089    98.4555    1460.50   82.89354   -6.25764 0.0000e+00
      15156    598.230    591.000     0.3794   2.955355    34.8908    27.9984    10.4293     91.939     0.0006    98.4699    1460.50   82.89354   -6.25764 0.0000e+00
      15180    599.244    592.000     0.3755   2.955070    34.8908    27.9986    10.4312     91.947     0.0018    98.4611    1460.50   82.89354   -6.25762 0.0000e+00
      15203    600.258    593.000     0.3740   2.954971    34.8906    27.9985    10.4281     91.916     0.0083    98.4645    1460.51   82.89354   -6.25762 0.0000e+00
      15226    601.271    594.000     0.3728   2.954905    34.8905    27.9985    10.4385     92.005     0.0038    98.4673    1460.52   82.89354   -6.25762 0.0000e+00
      15250    602.285    595.000     0.3709   2.954789    34.8905    27.9986    10.4448     92.056     0.0015    98.4672    1460.53   82.89354   -6.25762 0.0000e+00
      15273    603.299    596.000     0.3676   2.954550    34.8906    27.9989    10.4456     92.055     0.0012    98.4559    1460.53   82.89354   -6.25760 0.0000e+00
      15297    604.313    597.000     0.3647   2.954337    34.8904    27.9989    10.4668     92.234     0.0021    98.4621    1460.53   82.89354   -6.25760 0.0000e+00
      15320    605.326    598.000     0.3621   2.954163    34.8905    27.9991    10.4512     92.091     0.0096    98.4563    1460.54   82.89354   -6.25760 0.0000e+00
      15344    606.340    599.000     0.3597   2.953992    34.8904    27.9992    10.4400     91.986     0.0081    98.4632    1460.55   82.89354   -6.25760 0.0000e+00
      15367    607.354    600.000     0.3584   2.953919    34.8903    27.9992    10.4337     91.928     0.0016    98.4610    1460.56   82.89354   -6.25758 0.0000e+00
      15390    608.367    601.000     0.3576   2.953893    34.8902    27.9992    10.4516     92.084     0.0012    98.4578    1460.57   82.89354   -6.25758 0.0000e+00
      15414    609.381    602.000     0.3554   2.953753    34.8902    27.9994    10.4457     92.026     0.0011    98.4574    1460.58   82.89354   -6.25758 0.0000e+00
      15437    610.395    603.000     0.3534   2.953620    34.8902    27.9994    10.4429     91.997     0.0016    98.4492    1460.58   82.89354   -6.25758 0.0000e+00
      15461    611.409    604.000     0.3512   2.953472    34.8902    27.9995    10.4369     91.939     0.0064    98.4663    1460.59   82.89354   -6.25756 0.0000e+00
      15484    612.422    605.000     0.3471   2.953165    34.8902    27.9998    10.4275     91.847     0.0096    98.4606    1460.59   82.89354   -6.25756 0.0000e+00
      15507    613.436    606.000     0.3446   2.952993    34.8902    27.9999    10.4146     91.727     0.0050    98.4539    1460.59   82.89354   -6.25756 0.0000e+00
      15531    614.450    607.000     0.3423   2.952835    34.8901    28.0000    10.4234     91.799     0.0039    98.4567    1460.60   82.89354   -6.25756 0.0000e+00
      15554    615.463    608.000     0.3408   2.952749    34.8901    28.0000    10.4283     91.839     0.0074    98.4674    1460.61   82.89354   -6.25754 0.0000e+00
      15578    616.477    609.000     0.3393   2.952652    34.8899    28.0000    10.4313     91.861     0.0019    98.4543    1460.62   82.89354   -6.25754 0.0000e+00
      15601    617.491    610.000     0.3367   2.952490    34.8900    28.0003    10.4478     92.000     0.0091    98.4703    1460.62   82.89354   -6.25754 0.0000e+00
      15625    618.505    611.000     0.3341   2.952302    34.8900    28.0004    10.4547     92.055     0.0003    98.4590    1460.63   82.89354   -6.25753 0.0000e+00
      15648    619.519    612.000     0.3308   2.952066    34.8900    28.0006    10.4344     91.868     0.0080    98.4740    1460.63   82.89354   -6.25752 0.0000e+00
      15671    620.533    613.000     0.3281   2.951881    34.8900    28.0008    10.4435     91.942     0.0093    98.4637    1460.63   82.89354   -6.25752 0.0000e+00
      15695    621.546    614.000     0.3255   2.951694    34.8900    28.0009    10.4389     91.895     0.0044    98.4676    1460.64   82.89354   -6.25752 0.0000e+00
      15718    622.560    615.000     0.3224   2.951478    34.8900    28.0011    10.4610     92.082     0.0059    98.4679    1460.64   82.89354   -6.25751 0.0000e+00
      15742    623.574    616.000     0.3183   2.951167    34.8900    28.0013    10.4586     92.051     0.0063    98.4548    1460.64   82.89354   -6.25750 0.0000e+00
      15765    624.588    617.000     0.3160   2.951008    34.8899    28.0014    10.4442     91.919     0.0018    98.4578    1460.65   82.89354   -6.25750 0.0000e+00
      15788    625.601    618.000     0.3149   2.950948    34.8898    28.0013    10.4413     91.891     0.0014    98.4571    1460.66   82.89354   -6.25749 0.0000e+00
      15812    626.615    619.000     0.3129   2.950828    34.8898    28.0015    10.4508     91.969     0.0026    98.4660    1460.67   82.89354   -6.25748 0.0000e+00
      15835    627.629    620.000     0.3113   2.950730    34.8898    28.0016    10.4432     91.899     0.0094    98.4708    1460.67   82.89354   -6.25748 0.0000e+00
      15859    628.643    621.000     0.3063   2.950354    34.8899    28.0019    10.4451     91.904    -0.0000    98.4538    1460.67   82.89354   -6.25748 0.0000e+00
      15882    629.657    622.000     0.3025   2.950074    34.8899    28.0021    10.4487     91.927     0.0083    98.4578    1460.67   82.89354   -6.25747 0.0000e+00
      15906    630.671    623.000     0.2983   2.949758    34.8899    28.0024    10.4329     91.777     0.0096    98.4715    1460.67   82.89354   -6.25746 0.0000e+00
      15929    631.685    624.000     0.2946   2.949481    34.8898    28.0026    10.4301     91.743     0.0046    98.4654    1460.67   82.89354   -6.25746 0.0000e+00
      15952    632.699    625.000     0.2903   2.949157    34.8899    28.0028    10.4277     91.712    -0.0007    98.4672    1460.66   82.89354   -6.25746 0.0000e+00
      15976    633.712    626.000     0.2881   2.949011    34.8898    28.0029    10.4372     91.791     0.0003    98.4691    1460.67   82.89354   -6.25745 0.0000e+00
      15999    634.726    627.000     0.2868   2.948939    34.8898    28.0030    10.4358     91.775    -0.0011    98.4699    1460.68   82.89354   -6.25744 0.0000e+00
      16023    635.740    628.000     0.2861   2.948908    34.8896    28.0029    10.4447     91.852     0.0001    98.4708    1460.69   82.89354   -6.25744 0.0000e+00
      16046    636.754    629.000     0.2859   2.948939    34.8896    28.0029    10.4414     91.822     0.0015    98.4671    1460.71   82.89354   -6.25744 0.0000e+00
      16070    637.768    630.000     0.2845   2.948857    34.8896    28.0029    10.4505     91.899     0.0095    98.4676    1460.72   82.89354   -6.25743 0.0000e+00
      16093    638.781    631.000     0.2803   2.948560    34.8897    28.0033    10.4527     91.909     0.0093    98.4559    1460.71   82.89354   -6.25742 0.0000e+00
      16116    639.796    632.000     0.2762   2.948253    34.8897    28.0035    10.4494     91.870     0.0024    98.4632    1460.71   82.89354   -6.25742 0.0000e+00
      16140    640.809    633.000     0.2751   2.948196    34.8896    28.0035    10.4441     91.820    -0.0003    98.4627    1460.73   82.89354   -6.25742 0.0000e+00
      16163    641.824    634.000     0.2741   2.948148    34.8896    28.0036    10.4495     91.865     0.0008    98.4665    1460.74   82.89354   -6.25740 0.0000e+00
      16187    642.837    635.000     0.2722   2.948024    34.8895    28.0036    10.4387     91.767     0.0004    98.4590    1460.74   82.89354   -6.25740 0.0000e+00
      16210    643.851    636.000     0.2717   2.948021    34.8894    28.0036    10.4514     91.876     0.0072    98.4603    1460.76   82.89354   -6.25740 0.0000e+00
      16234    644.865    637.000     0.2710   2.948007    34.8894    28.0036    10.4534     91.892     0.0184    98.4693    1460.77   82.89354   -6.25740 0.0000e+00
      16257    645.879    638.000     0.2691   2.947893    34.8895    28.0038    10.4335     91.713     0.0088    98.4717    1460.78   82.89354   -6.25738 0.0000e+00
      16280    646.893    639.000     0.2665   2.947718    34.8895    28.0040    10.4300     91.677     0.0009    98.4708    1460.79   82.89354   -6.25738 0.0000e+00
      16304    647.907    640.000     0.2622   2.947396    34.8896    28.0043    10.4440     91.788    -0.0009    98.4609    1460.78   82.89354   -6.25738 0.0000e+00
      16327    648.921    641.000     0.2582   2.947102    34.8896    28.0045    10.4365     91.714     0.0077    98.4672    1460.78   82.89354   -6.25738 0.0000e+00
      16351    649.935    642.000     0.2547   2.946851    34.8897    28.0048    10.4346     91.689     0.0024    98.4538    1460.78   82.89354   -6.25736 0.0000e+00
      16374    650.949    643.000     0.2521   2.946667    34.8896    28.0049    10.4455     91.778     0.0084    98.4651    1460.79   82.89354   -6.25736 0.0000e+00
      16398    651.963    644.000     0.2484   2.946397    34.8897    28.0052    10.4604     91.900     0.0067    98.4592    1460.79   82.89354   -6.25736 0.0000e+00
      16421    652.977    645.000     0.2461   2.946253    34.8897    28.0053    10.4550     91.847    -0.0001    98.4680    1460.79   82.89354   -6.25736 0.0000e+00
      16445    653.991    646.000     0.2455   2.946231    34.8896    28.0052    10.4548     91.844     0.0027    98.4715    1460.81   82.89354   -6.25734 0.0000e+00
      16468    655.005    647.000     0.2428   2.946051    34.8897    28.0054    10.4561     91.849     0.0096    98.4687    1460.81   82.89354   -6.25734 0.0000e+00
      16491    656.018    648.000     0.2410   2.945932    34.8896    28.0055    10.4476     91.770     0.0090    98.4558    1460.82   82.89354   -6.25734 0.0000e+00
      16515    657.032    649.000     0.2393   2.945832    34.8896    28.0056    10.4486     91.774     0.0001    98.4559    1460.83   82.89354   -6.25732 0.0000e+00
      16538    658.046    650.000     0.2365   2.945634    34.8896    28.0057    10.4456     91.742     0.0016    98.4589    1460.83   82.89354   -6.25732 0.0000e+00
      16562    659.060    651.000     0.2350   2.945553    34.8896    28.0058    10.4505     91.781     0.0018    98.4537    1460.84   82.89354   -6.25732 0.0000e+00
      16585    660.075    652.000     0.2323   2.945368    34.8896    28.0060    10.4407     91.689     0.0023    98.4522    1460.85   82.89354   -6.25732 0.0000e+00
      16609    661.088    653.000     0.2299   2.945204    34.8896    28.0061    10.4307     91.595     0.0017    98.4560    1460.85   82.89354   -6.25732 0.0000e+00
      16632    662.102    654.000     0.2267   2.944985    34.8897    28.0063    10.4511     91.767     0.0017    98.4514    1460.85   82.89354   -6.25731 0.0000e+00
      16655    663.116    655.000     0.2228   2.944693    34.8897    28.0066    10.4614     91.848     0.0010    98.4572    1460.85   82.89354   -6.25730 0.0000e+00
      16679    664.130    656.000     0.2195   2.944465    34.8898    28.0068    10.4533     91.769     0.0041    98.4607    1460.86   82.89354   -6.25730 0.0000e+00
      16702    665.145    657.000     0.2171   2.944299    34.8898    28.0070    10.4505     91.739     0.0128    98.4582    1460.86   82.89354   -6.25729 0.0000e+00
      16726    666.159    658.000     0.2152   2.944162    34.8896    28.0069    10.4592     91.811     0.0018    98.4637    1460.87   82.89354   -6.25728 0.0000e+00
      16749    667.173    659.000     0.2132   2.944049    34.8897    28.0072    10.4667     91.872     0.0093    98.4571    1460.87   82.89354   -6.25728 0.0000e+00
      16772    668.186    660.000     0.2124   2.944017    34.8896    28.0071    10.4602     91.813     0.0093    98.4524    1460.89   82.89354   -6.25728 0.0000e+00
      16796    669.201    661.000     0.2088   2.943754    34.8896    28.0074    10.4510     91.723     0.0139    98.4728    1460.89   82.89355   -6.25727 0.0000e+00
      16819    670.215    662.000     0.2069   2.943633    34.8896    28.0074    10.4645     91.837     0.0050    98.4698    1460.90   82.89356   -6.25726 0.0000e+00
      16843    671.229    663.000     0.2034   2.943394    34.8898    28.0078    10.4657     91.840     0.0004    98.4705    1460.90   82.89356   -6.25726 0.0000e+00
      16866    672.242    664.000     0.2022   2.943330    34.8897    28.0078    10.4452     91.657     0.0011    98.4612    1460.91   82.89356   -6.25726 0.0000e+00
      16890    673.256    665.000     0.2014   2.943309    34.8897    28.0078    10.4393     91.603     0.0002    98.4581    1460.92   82.89356   -6.25725 0.0000e+00
      16913    674.271    666.000     0.2003   2.943255    34.8897    28.0079    10.4568     91.754     0.0008    98.4557    1460.93   82.89356   -6.25724 0.0000e+00
      16936    675.285    667.000     0.1990   2.943186    34.8896    28.0079    10.4619     91.796     0.0010    98.4560    1460.95   82.89356   -6.25724 0.0000e+00
      16960    676.299    668.000     0.1963   2.942998    34.8897    28.0081    10.4621     91.791     0.0009    98.4552    1460.95   82.89356   -6.25723 0.0000e+00
      16983    677.313    669.000     0.1940   2.942848    34.8896    28.0082    10.4668     91.827     0.0005    98.4567    1460.95   82.89356   -6.25722 0.0000e+00
      17007    678.327    670.000     0.1913   2.942661    34.8897    28.0084    10.4452     91.631     0.0005    98.4576    1460.96   82.89356   -6.25722 0.0000e+00
      17030    679.341    671.000     0.1873   2.942386    34.8899    28.0088    10.4368     91.547     0.0011    98.4591    1460.96   82.89356   -6.25722 0.0000e+00
      17054    680.355    672.000     0.1841   2.942151    34.8899    28.0090    10.4478     91.636     0.0006    98.4487    1460.96   82.89356   -6.25721 0.0000e+00
      17077    681.369    673.000     0.1815   2.941967    34.8899    28.0091    10.4553     91.696     0.0050    98.4547    1460.96   82.89356   -6.25720 0.0000e+00
      17100    682.383    674.000     0.1802   2.941892    34.8898    28.0091    10.4556     91.696     0.0059    98.4705    1460.98   82.89356   -6.25720 0.0000e+00
      17124    683.397    675.000     0.1783   2.941779    34.8898    28.0092    10.4505     91.646     0.0030    98.4650    1460.98   82.89356   -6.25720 0.0000e+00
      17147    684.412    676.000     0.1768   2.941694    34.8897    28.0092    10.4560     91.691     0.0086    98.4559    1460.99   82.89356   -6.25720 0.0000e+00
      17171    685.426    677.000     0.1755   2.941633    34.8899    28.0094    10.4558     91.686     0.0012    98.4545    1461.00   82.89356   -6.25718 0.0000e+00
      17194    686.440    678.000     0.1740   2.941542    34.8898    28.0094    10.4678     91.788     0.0095    98.4552    1461.01   82.89356   -6.25718 0.0000e+00
      17218    687.454    679.000     0.1733   2.941523    34.8898    28.0094    10.4547     91.671     0.0093    98.4683    1461.03   82.89356   -6.25718 0.0000e+00
      17241    688.468    680.000     0.1729   2.941535    34.8898    28.0095    10.4471     91.603     0.0017    98.4695    1461.04   82.89356   -6.25718 0.0000e+00
      17264    689.482    681.000     0.1718   2.941481    34.8897    28.0095    10.4522     91.646     0.0014    98.4678    1461.05   82.89356   -6.25716 0.0000e+00
      17288    690.496    682.000     0.1707   2.941436    34.8898    28.0096    10.4576     91.690     0.0006    98.4658    1461.06   82.89356   -6.25716 0.0000e+00
      17311    691.510    683.000     0.1699   2.941412    34.8897    28.0097    10.4575     91.688    -0.0008    98.4695    1461.08   82.89356   -6.25716 0.0000e+00
