Sta0266.cnv
* Sea-Bird SBE 9 Data File:
* FileName = C:\Seabird\CTDDATA\Sta0266.hex
* Software Version Seasave V 7.26.7.107
* Temperature SN = 03-4535
* Conductivity SN = 2860
* Number of Bytes Per Scan = 44
* Number of Voltage Words = 5
* Number of Scans Averaged by the Deck Unit = 1
* NMEA Latitude = 82 54.00 N
* NMEA Longitude = 006 14.84 W
* NMEA UTC (Time) = Oct 04 2019 04:36:38
* NMEA baud rate = 9600
** Ship: "Kronprins Haakon"
** Station: 266
** Echodepth: 3817
** Log: 8040.187
** Wind-Dir Force(m/s): 09 03
** Air-temp (dry): -12.4
** Weather Sky: 2 7
** Sea Ice: 0 5
# nquan = 15
# nvalues = 3860                        
# units = specified
# name 0 = scan: Scan Count
# name 1 = prDM: Pressure, Digiquartz [db]
# name 2 = depSM: Depth [salt water, m]
# name 3 = t068C: Temperature [IPTS-68, deg C]
# name 4 = c0S/m: Conductivity [S/m]
# name 5 = sal00: Salinity, Practical [PSU]
# name 6 = sigma-é00: Density [sigma-theta, kg/m^3]
# name 7 = sbeox0Mg/L: Oxygen, SBE 43 [mg/l]
# name 8 = sbeox0PS: Oxygen, SBE 43 [% saturation]
# name 9 = flECO-AFL: Fluorescence, WET Labs ECO-AFL/FL [mg/m^3]
# name 10 = CStarTr0: Beam Transmission, WET Labs C-Star [%]
# name 11 = svCM: Sound Velocity [Chen-Millero, m/s]
# name 12 = latitude: Latitude [deg]
# name 13 = longitude: Longitude [deg]
# name 14 = flag: flag
# span 0 =       1320,      96114       
# span 1 =      6.065,   3942.943       
# span 2 =      6.000,   3865.000       
# span 3 =    -1.7321,     1.2878       
# span 4 =   2.508454,   3.021016       
# span 5 =    31.5469,    34.9314       
# span 6 =    25.3722,    28.0935       
# span 7 =     9.8401,    13.4555       
# span 8 =     84.470,    109.568       
# span 9 =    -0.0068,     0.2263       
# span 10 =    93.7430,    95.9388      
# span 11 =    1436.48,    1512.53      
# span 12 =   82.90002,   82.90052      
# span 13 =   -6.25656,   -6.24747      
# span 14 = 0.0000e+00, 0.0000e+00      
# interval = meters: 1                  
# start_time = Oct 04 2019 04:36:39 [System UTC, first data scan.]
# bad_flag = -9.990e-29
*END*
[from data line 3470]
      83053   3542.870   3476.000    -0.6746   2.987004    34.9310    28.0931     9.9456     85.316     0.0017    95.7929    1505.42   82.90040   -6.25512 0.0000e+00
      83076   3543.898   3477.000    -0.6745   2.987047    34.9310    28.0931     9.9332     85.210     0.0018    95.7869    1505.44   82.90040   -6.25512 0.0000e+00
      83099   3544.926   3478.000    -0.6745   2.987093    34.9311    28.0932     9.9380     85.252     0.0006    95.7936    1505.45   82.90040   -6.25512 0.0000e+00
      83122   3545.954   3479.000    -0.6743   2.987136    34.9310    28.0932     9.9569     85.415     0.0020    95.7891    1505.47   82.90040   -6.25512 0.0000e+00
      83145   3546.981   3480.000    -0.6742   2.987186    34.9311    28.0932     9.9493     85.350     0.0017    95.7857    1505.49   82.90040   -6.25512 0.0000e+00
      83169   3548.008   3481.000    -0.6741   2.987228    34.9310    28.0932     9.9316     85.197     0.0014    95.7835    1505.51   82.90040   -6.25512 0.0000e+00
      83192   3549.036   3482.000    -0.6740   2.987274    34.9311    28.0932     9.9295     85.180     0.0008    95.7868    1505.52   82.90040   -6.25512 0.0000e+00
      83215   3550.064   3483.000    -0.6739   2.987318    34.9310    28.0931     9.9524     85.377     0.0013    95.7825    1505.54   82.90040   -6.25512 0.0000e+00
      83237   3551.092   3484.000    -0.6739   2.987362    34.9311    28.0932     9.9421     85.288     0.0020    95.7799    1505.56   82.90040   -6.25514 0.0000e+00
      83260   3552.119   3485.000    -0.6738   2.987403    34.9310    28.0931     9.9274     85.162     0.0014    95.7835    1505.58   82.90040   -6.25514 0.0000e+00
      83283   3553.146   3486.000    -0.6737   2.987451    34.9310    28.0931     9.9414     85.283     0.0017    95.7846    1505.60   82.90040   -6.25514 0.0000e+00
      83306   3554.174   3487.000    -0.6736   2.987493    34.9310    28.0931     9.9451     85.315     0.0013    95.7870    1505.62   82.90040   -6.25514 0.0000e+00
      83329   3555.202   3488.000    -0.6736   2.987546    34.9312    28.0932     9.9551     85.401     0.0014    95.7846    1505.63   82.90040   -6.25514 0.0000e+00
      83351   3556.229   3489.000    -0.6734   2.987586    34.9310    28.0931     9.9276     85.165     0.0016    95.7870    1505.65   82.90040   -6.25514 0.0000e+00
      83374   3557.257   3490.000    -0.6734   2.987635    34.9311    28.0932     9.9382     85.256     0.0020    95.7846    1505.67   82.90040   -6.25514 0.0000e+00
      83397   3558.285   3491.000    -0.6732   2.987676    34.9311    28.0932     9.9493     85.352     0.0090    95.7850    1505.69   82.90040   -6.25515 0.0000e+00
      83420   3559.313   3492.000    -0.6731   2.987723    34.9310    28.0931     9.9347     85.227     0.0036    95.7877    1505.71   82.90040   -6.25516 0.0000e+00
      83443   3560.340   3493.000    -0.6730   2.987769    34.9310    28.0931     9.9271     85.162     0.0007    95.7799    1505.73   82.90040   -6.25516 0.0000e+00
      83466   3561.367   3494.000    -0.6729   2.987812    34.9311    28.0932     9.9530     85.384     0.0013    95.7830    1505.75   82.90041   -6.25516 0.0000e+00
      83488   3562.395   3495.000    -0.6729   2.987863    34.9312    28.0932     9.9443     85.309     0.0010    95.7855    1505.76   82.90042   -6.25516 0.0000e+00
      83511   3563.423   3496.000    -0.6728   2.987909    34.9312    28.0932     9.9422     85.291     0.0017    95.7835    1505.78   82.90042   -6.25516 0.0000e+00
      83534   3564.451   3497.000    -0.6726   2.987949    34.9311    28.0932     9.9512     85.370     0.0023    95.7835    1505.80   82.90042   -6.25516 0.0000e+00
      83557   3565.478   3498.000    -0.6726   2.987991    34.9311    28.0932     9.9456     85.321     0.0017    95.7838    1505.82   82.90042   -6.25516 0.0000e+00
      83580   3566.506   3499.000    -0.6725   2.988043    34.9311    28.0932     9.9455     85.321     0.0090    95.7835    1505.84   82.90042   -6.25516 0.0000e+00
      83603   3567.534   3500.000    -0.6724   2.988084    34.9311    28.0932     9.9333     85.217     0.0035    95.7835    1505.85   82.90042   -6.25516 0.0000e+00
      83625   3568.561   3501.000    -0.6723   2.988127    34.9310    28.0931     9.9521     85.378     0.0014    95.7836    1505.87   82.90042   -6.25516 0.0000e+00
      83648   3569.589   3502.000    -0.6722   2.988173    34.9311    28.0932     9.9464     85.329     0.0023    95.7837    1505.89   82.90042   -6.25516 0.0000e+00
      83671   3570.616   3503.000    -0.6721   2.988220    34.9311    28.0932     9.9367     85.246     0.0017    95.7835    1505.91   82.90042   -6.25516 0.0000e+00
      83694   3571.644   3504.000    -0.6720   2.988260    34.9310    28.0931     9.9469     85.334     0.0020    95.7835    1505.93   82.90042   -6.25516 0.0000e+00
      83717   3572.672   3505.000    -0.6719   2.988306    34.9311    28.0932     9.9462     85.328     0.0023    95.7847    1505.94   82.90042   -6.25516 0.0000e+00
      83740   3573.699   3506.000    -0.6718   2.988356    34.9311    28.0932     9.9600     85.447     0.0023    95.7927    1505.96   82.90042   -6.25516 0.0000e+00
      83762   3574.727   3507.000    -0.6717   2.988396    34.9310    28.0931     9.9554     85.407     0.0013    95.7822    1505.98   82.90042   -6.25518 0.0000e+00
      83785   3575.755   3508.000    -0.6716   2.988441    34.9310    28.0931     9.9397     85.273     0.0020    95.7836    1506.00   82.90042   -6.25518 0.0000e+00
      83808   3576.782   3509.000    -0.6715   2.988486    34.9310    28.0931     9.9131     85.045     0.0017    95.7891    1506.02   82.90042   -6.25518 0.0000e+00
      83831   3577.810   3510.000    -0.6714   2.988535    34.9311    28.0932     9.9331     85.217     0.0008    95.7846    1506.03   82.90042   -6.25518 0.0000e+00
      83854   3578.838   3511.000    -0.6714   2.988574    34.9310    28.0932     9.9480     85.345     0.0009    95.7874    1506.05   82.90042   -6.25518 0.0000e+00
      83877   3579.865   3512.000    -0.6713   2.988624    34.9311    28.0932     9.9496     85.358     0.0023    95.7854    1506.07   82.90042   -6.25519 0.0000e+00
      83899   3580.893   3513.000    -0.6712   2.988669    34.9311    28.0932     9.9362     85.244     0.0096    95.7857    1506.09   82.90042   -6.25520 0.0000e+00
      83922   3581.921   3514.000    -0.6711   2.988717    34.9312    28.0933     9.9482     85.347     0.0018    95.7824    1506.11   82.90042   -6.25520 0.0000e+00
      83945   3582.949   3515.000    -0.6710   2.988751    34.9311    28.0932     9.9656     85.497     0.0019    95.7902    1506.13   82.90042   -6.25520 0.0000e+00
      83968   3583.977   3516.000    -0.6709   2.988803    34.9311    28.0932     9.9342     85.227     0.0020    95.7761    1506.14   82.90042   -6.25520 0.0000e+00
      83991   3585.004   3517.000    -0.6708   2.988845    34.9311    28.0932     9.9474     85.341     0.0061    95.7742    1506.16   82.90042   -6.25520 0.0000e+00
      84014   3586.032   3518.000    -0.6708   2.988886    34.9311    28.0932     9.9411     85.287     0.0058    95.7833    1506.18   82.90042   -6.25521 0.0000e+00
      84036   3587.060   3519.000    -0.6706   2.988935    34.9311    28.0932     9.9357     85.241     0.0020    95.7838    1506.20   82.90042   -6.25522 0.0000e+00
      84059   3588.088   3520.000    -0.6706   2.988973    34.9310    28.0932     9.9573     85.426     0.0017    95.7832    1506.22   82.90042   -6.25522 0.0000e+00
      84082   3589.115   3521.000    -0.6704   2.989024    34.9311    28.0932     9.9469     85.338     0.0023    95.7869    1506.24   82.90042   -6.25522 0.0000e+00
      84105   3590.143   3522.000    -0.6703   2.989072    34.9311    28.0932     9.9516     85.378     0.0023    95.7835    1506.25   82.90042   -6.25522 0.0000e+00
      84128   3591.171   3523.000    -0.6703   2.989115    34.9311    28.0932     9.9589     85.441     0.0023    95.7835    1506.27   82.90042   -6.25522 0.0000e+00
      84151   3592.199   3524.000    -0.6701   2.989163    34.9311    28.0932     9.9579     85.433     0.0023    95.7823    1506.29   82.90042   -6.25522 0.0000e+00
      84173   3593.227   3525.000    -0.6700   2.989213    34.9312    28.0933     9.9486     85.353     0.0023    95.7824    1506.31   82.90042   -6.25522 0.0000e+00
      84196   3594.254   3526.000    -0.6699   2.989245    34.9310    28.0931     9.9380     85.261     0.0023    95.7835    1506.33   82.90042   -6.25522 0.0000e+00
      84219   3595.282   3527.000    -0.6699   2.989296    34.9311    28.0932     9.9444     85.317     0.0017    95.7835    1506.34   82.90042   -6.25522 0.0000e+00
      84242   3596.310   3528.000    -0.6698   2.989345    34.9311    28.0932     9.9347     85.234     0.0015    95.7805    1506.36   82.90042   -6.25522 0.0000e+00
      84265   3597.338   3529.000    -0.6696   2.989385    34.9311    28.0932     9.9463     85.333     0.0018    95.7831    1506.38   82.90042   -6.25523 0.0000e+00
      84287   3598.365   3530.000    -0.6695   2.989435    34.9311    28.0932     9.9430     85.306     0.0020    95.7835    1506.40   82.90042   -6.25524 0.0000e+00
      84310   3599.393   3531.000    -0.6694   2.989476    34.9311    28.0931     9.9445     85.319     0.0020    95.7824    1506.42   82.90042   -6.25524 0.0000e+00
      84333   3600.421   3532.000    -0.6693   2.989530    34.9312    28.0932     9.9388     85.270     0.0017    95.7834    1506.44   82.90042   -6.25524 0.0000e+00
      84356   3601.449   3533.000    -0.6693   2.989576    34.9312    28.0933     9.9617     85.467     0.0020    95.7824    1506.45   82.90042   -6.25524 0.0000e+00
      84379   3602.477   3534.000    -0.6691   2.989621    34.9311    28.0932     9.9525     85.388     0.0020    95.7835    1506.47   82.90042   -6.25524 0.0000e+00
      84402   3603.504   3535.000    -0.6691   2.989662    34.9311    28.0932     9.9436     85.312     0.0017    95.7823    1506.49   82.90042   -6.25524 0.0000e+00
      84425   3604.532   3536.000    -0.6690   2.989709    34.9312    28.0933     9.9384     85.267     0.0007    95.7836    1506.51   82.90042   -6.25525 0.0000e+00
      84447   3605.560   3537.000    -0.6689   2.989754    34.9312    28.0933     9.9389     85.273     0.0013    95.7835    1506.53   82.90042   -6.25526 0.0000e+00
      84470   3606.588   3538.000    -0.6688   2.989790    34.9310    28.0931     9.9214     85.123     0.0018    95.7824    1506.54   82.90042   -6.25526 0.0000e+00
      84493   3607.616   3539.000    -0.6687   2.989834    34.9310    28.0931     9.9179     85.093     0.0020    95.7846    1506.56   82.90042   -6.25526 0.0000e+00
      84516   3608.644   3540.000    -0.6687   2.989883    34.9311    28.0932     9.9507     85.374     0.0064    95.7846    1506.58   82.90042   -6.25526 0.0000e+00
      84539   3609.672   3541.000    -0.6685   2.989926    34.9311    28.0932     9.9467     85.340     0.0053    95.7788    1506.60   82.90042   -6.25526 0.0000e+00
      84562   3610.699   3542.000    -0.6685   2.989968    34.9311    28.0932     9.9331     85.224     0.0023    95.7821    1506.62   82.90042   -6.25526 0.0000e+00
      84584   3611.727   3543.000    -0.6684   2.990015    34.9312    28.0933     9.9338     85.230     0.0020    95.7815    1506.64   82.90042   -6.25526 0.0000e+00
      84607   3612.755   3544.000    -0.6683   2.990051    34.9311    28.0932     9.9279     85.179     0.0026    95.7835    1506.65   82.90042   -6.25526 0.0000e+00
      84630   3613.783   3545.000    -0.6682   2.990095    34.9310    28.0932     9.9588     85.444     0.0096    95.7835    1506.67   82.90042 -9.990e-29 0.0000e+00
      84653   3614.811   3546.000    -0.6681   2.990140    34.9311    28.0932     9.9445     85.322     0.0027    95.7824    1506.69   82.90042 -9.990e-29 0.0000e+00
      84676   3615.839   3547.000    -0.6681   2.990187    34.9311    28.0932     9.9380     85.266     0.0017    95.7824    1506.71   82.90042 -9.990e-29 0.0000e+00
      84698   3616.866   3548.000    -0.6680   2.990226    34.9311    28.0932     9.9429     85.309     0.0016    95.7811    1506.73   82.90042   -6.25528 0.0000e+00
      84721   3617.895   3549.000    -0.6680   2.990275    34.9312    28.0933     9.9333     85.226     0.0018    95.7813    1506.74   82.90042   -6.25528 0.0000e+00
      84744   3618.923   3550.000    -0.6679   2.990309    34.9311    28.0932     9.9414     85.296     0.0023    95.7779    1506.76   82.90042   -6.25528 0.0000e+00
      84767   3619.950   3551.000    -0.6679   2.990356    34.9312    28.0933     9.9465     85.339     0.0020    95.7823    1506.78   82.90042   -6.25528 0.0000e+00
      84790   3620.978   3552.000    -0.6678   2.990395    34.9312    28.0933     9.9587     85.444     0.0026    95.7813    1506.80   82.90042   -6.25528 0.0000e+00
      84813   3622.006   3553.000    -0.6677   2.990443    34.9312    28.0933     9.9320     85.216     0.0096    95.7827    1506.82   82.90042   -6.25529 0.0000e+00
      84835   3623.034   3554.000    -0.6676   2.990483    34.9311    28.0932     9.9502     85.372     0.0022    95.7786    1506.84   82.90042   -6.25530 0.0000e+00
      84858   3624.062   3555.000    -0.6675   2.990536    34.9312    28.0933     9.9513     85.382     0.0013    95.7835    1506.85   82.90042   -6.25530 0.0000e+00
      84881   3625.090   3556.000    -0.6675   2.990573    34.9311    28.0932     9.9244     85.151     0.0017    95.7835    1506.87   82.90042   -6.25530 0.0000e+00
      84904   3626.118   3557.000    -0.6674   2.990617    34.9311    28.0932     9.9408     85.292     0.0017    95.7801    1506.89   82.90042   -6.25530 0.0000e+00
      84927   3627.146   3558.000    -0.6673   2.990660    34.9311    28.0932     9.9608     85.463     0.0023    95.7766    1506.91   82.90042   -6.25530 0.0000e+00
      84950   3628.174   3559.000    -0.6672   2.990707    34.9312    28.0932     9.9517     85.386     0.0020    95.7794    1506.93   82.90042   -6.25531 0.0000e+00
      84973   3629.202   3560.000    -0.6671   2.990752    34.9311    28.0933     9.9257     85.163     0.0014    95.7812    1506.94   82.90042   -6.25532 0.0000e+00
      84996   3630.230   3561.000    -0.6671   2.990794    34.9312    28.0933     9.9294     85.194    -0.0059    95.7712    1506.96   82.90042   -6.25532 0.0000e+00
      85019   3631.257   3562.000    -0.6669   2.990833    34.9310    28.0932     9.9111     85.038     0.0017    95.7802    1506.98   82.90042   -6.25532 0.0000e+00
      85042   3632.286   3563.000    -0.6669   2.990884    34.9312    28.0933     9.9486     85.360     0.0017    95.7775    1507.00   82.90042   -6.25532 0.0000e+00
      85065   3633.314   3564.000    -0.6668   2.990925    34.9311    28.0932     9.9413     85.298     0.0014    95.7702    1507.02   82.90042   -6.25532 0.0000e+00
      85088   3634.342   3565.000    -0.6667   2.990976    34.9312    28.0933     9.9354     85.247     0.0023    95.7781    1507.04   82.90042   -6.25532 0.0000e+00
      85111   3635.369   3566.000    -0.6666   2.991021    34.9312    28.0933     9.9356     85.249     0.0016    95.7800    1507.05   82.90042   -6.25532 0.0000e+00
      85135   3636.398   3567.000    -0.6665   2.991057    34.9311    28.0932     9.9250     85.158     0.0035    95.7692    1507.07   82.90042   -6.25532 0.0000e+00
      85158   3637.426   3568.000    -0.6665   2.991102    34.9312    28.0933     9.9301     85.203     0.0083    95.7692    1507.09   82.90042   -6.25532 0.0000e+00
      85181   3638.454   3569.000    -0.6664   2.991146    34.9312    28.0933     9.9408     85.294     0.0011    95.7698    1507.11   82.90042   -6.25532 0.0000e+00
      85204   3639.481   3570.000    -0.6663   2.991196    34.9312    28.0933     9.9408     85.294     0.0008    95.7714    1507.13   82.90042   -6.25534 0.0000e+00
      85227   3640.509   3571.000    -0.6661   2.991234    34.9311    28.0932     9.9483     85.359     0.0085    95.7757    1507.14   82.90042   -6.25534 0.0000e+00
