Sta0263.cnv
* Sea-Bird SBE 9 Data File:
* FileName = C:\Seabird\CTDDATA\Sta0263.hex
* Software Version Seasave V 7.26.7.107
* Temperature SN = 03-4535
* Conductivity SN = 2860
* Number of Bytes Per Scan = 44
* Number of Voltage Words = 5
* Number of Scans Averaged by the Deck Unit = 1
* NMEA Latitude = 82 53.54 N
* NMEA Longitude = 006 14.32 W
* NMEA UTC (Time) = Oct 01 2019 09:00:18
* NMEA baud rate = 9600
** Ship: "Kronprins Haakon"
** Station: 263
** Echodepth: 3900
** Log: 7990.487
** Wind-Dir Force(m/s): 20 09
** Air-temp (dry): -3.8
** Weather Sky: 2 6
** Sea Ice: 0 5
# nquan = 15
# nvalues = 4056                        
# units = specified
# name 0 = scan: Scan Count
# name 1 = prDM: Pressure, Digiquartz [db]
# name 2 = depSM: Depth [salt water, m]
# name 3 = t068C: Temperature [IPTS-68, deg C]
# name 4 = c0S/m: Conductivity [S/m]
# name 5 = sal00: Salinity, Practical [PSU]
# name 6 = sigma-é00: Density [sigma-theta, kg/m^3]
# name 7 = sbeox0Mg/L: Oxygen, SBE 43 [mg/l]
# name 8 = sbeox0PS: Oxygen, SBE 43 [% saturation]
# name 9 = flECO-AFL: Fluorescence, WET Labs ECO-AFL/FL [mg/m^3]
# name 10 = CStarTr0: Beam Transmission, WET Labs C-Star [%]
# name 11 = svCM: Sound Velocity [Chen-Millero, m/s]
# name 12 = latitude: Latitude [deg]
# name 13 = longitude: Longitude [deg]
# name 14 = flag: flag
# span 0 =        454,     122536       
# span 1 =     15.162,   4154.062       
# span 2 =     15.000,   4070.000       
# span 3 =    -1.7308,     1.3116       
# span 4 =   2.513518,   3.022596       
# span 5 =    31.6151,    34.9311       
# span 6 =    25.4277,    28.0933       
# span 7 =     9.6105,    13.1657       
# span 8 =     82.530,    107.310       
# span 9 =    -0.0071,     0.2261       
# span 10 =    90.7062,    96.9988      
# span 11 =    1436.68,    1516.29      
# span 12 =   82.89246,   82.89338      
# span 13 =   -6.23850,   -6.19366      
# span 14 = 0.0000e+00, 0.0000e+00      
# interval = meters: 1                  
# start_time = Oct 01 2019 09:00:19 [System UTC, first data scan.]
# bad_flag = -9.990e-29
*END*
[from data line 3374]
      86692   3453.491   3389.000    -0.6826   2.983045    34.9305    28.0927     9.7324     83.470    -0.0003    96.8188    1503.83   82.89308   -6.20618 0.0000e+00
      86716   3454.518   3390.000    -0.6825   2.983086    34.9304    28.0926     9.7302     83.451    -0.0012    96.8200    1503.85   82.89308   -6.20616 0.0000e+00
      86739   3455.545   3391.000    -0.6824   2.983127    34.9304    28.0926     9.7105     83.283     0.0003    96.8347    1503.87   82.89308   -6.20616 0.0000e+00
      86762   3456.573   3392.000    -0.6824   2.983180    34.9305    28.0927     9.7320     83.467    -0.0001    96.8240    1503.89   82.89308   -6.20616 0.0000e+00
      86785   3457.600   3393.000    -0.6823   2.983229    34.9306    28.0928     9.7304     83.454     0.0005    96.8206    1503.91   82.89308   -6.20614 0.0000e+00
      86809   3458.627   3394.000    -0.6822   2.983262    34.9305    28.0927     9.7342     83.486     0.0003    96.8225    1503.92   82.89308   -6.20614 0.0000e+00
      86832   3459.654   3395.000    -0.6821   2.983309    34.9305    28.0927     9.7176     83.344    -0.0021    96.8199    1503.94   82.89308   -6.20613 0.0000e+00
      86855   3460.681   3396.000    -0.6820   2.983354    34.9305    28.0927     9.7387     83.525    -0.0059    96.8188    1503.96   82.89308   -6.20612 0.0000e+00
      86879   3461.708   3397.000    -0.6820   2.983405    34.9306    28.0928     9.7370     83.511    -0.0001    96.8242    1503.98   82.89308   -6.20611 0.0000e+00
      86902   3462.735   3398.000    -0.6818   2.983454    34.9306    28.0927     9.7283     83.436     0.0013    96.8188    1504.00   82.89308   -6.20610 0.0000e+00
      86925   3463.763   3399.000    -0.6817   2.983503    34.9306    28.0928     9.7381     83.521     0.0001    96.8188    1504.01   82.89308   -6.20610 0.0000e+00
      86948   3464.790   3400.000    -0.6816   2.983550    34.9306    28.0928     9.7131     83.307    -0.0001    96.8188    1504.03   82.89308   -6.20609 0.0000e+00
      86972   3465.817   3401.000    -0.6814   2.983591    34.9305    28.0927     9.7342     83.488     0.0068    96.8187    1504.05   82.89308   -6.20608 0.0000e+00
      86995   3466.844   3402.000    -0.6814   2.983630    34.9305    28.0927     9.7382     83.522     0.0030    96.8188    1504.07   82.89308   -6.20607 0.0000e+00
      87018   3467.872   3403.000    -0.6813   2.983677    34.9305    28.0927     9.7304     83.455    -0.0012    96.7950    1504.09   82.89308   -6.20606 0.0000e+00
      87041   3468.899   3404.000    -0.6813   2.983727    34.9307    28.0928     9.7174     83.344     0.0002    96.8144    1504.11   82.89308   -6.20605 0.0000e+00
      87065   3469.925   3405.000    -0.6812   2.983772    34.9307    28.0928     9.7319     83.468    -0.0010    96.8154    1504.12   82.89308   -6.20604 0.0000e+00
      87088   3470.953   3406.000    -0.6812   2.983802    34.9306    28.0928     9.7445     83.577     0.0012    96.8076    1504.14   82.89308   -6.20604 0.0000e+00
      87111   3471.980   3407.000    -0.6812   2.983856    34.9308    28.0929     9.7102     83.283     0.0008    96.8041    1504.16   82.89308   -6.20603 0.0000e+00
      87135   3473.007   3408.000    -0.6812   2.983884    34.9306    28.0928     9.7344     83.490    -0.0002    96.8038    1504.18   82.89308   -6.20602 0.0000e+00
      87158   3474.035   3409.000    -0.6809   2.983930    34.9305    28.0927     9.7009     83.203     0.0002    96.8105    1504.20   82.89308   -6.20601 0.0000e+00
      87181   3475.062   3410.000    -0.6809   2.983982    34.9306    28.0928     9.7475     83.603     0.0008    96.7940    1504.22   82.89308   -6.20600 0.0000e+00
      87204   3476.089   3411.000    -0.6808   2.984021    34.9306    28.0928     9.7353     83.499     0.0010    96.7963    1504.23   82.89308   -6.20600 0.0000e+00
      87228   3477.117   3412.000    -0.6808   2.984066    34.9306    28.0928     9.7189     83.358     0.0008    96.8109    1504.25   82.89308   -6.20598 0.0000e+00
      87251   3478.144   3413.000    -0.6808   2.984106    34.9307    28.0928     9.7327     83.476     0.0010    96.8091    1504.27   82.89308   -6.20598 0.0000e+00
      87274   3479.171   3414.000    -0.6808   2.984152    34.9308    28.0930     9.7312     83.464    -0.0001    96.8053    1504.29   82.89308   -6.20598 0.0000e+00
      87297   3480.198   3415.000    -0.6807   2.984189    34.9306    28.0928     9.7410     83.548     0.0001    96.7961    1504.31   82.89308   -6.20596 0.0000e+00
      87321   3481.226   3416.000    -0.6806   2.984238    34.9307    28.0929     9.7439     83.573    -0.0002    96.8059    1504.32   82.89308   -6.20596 0.0000e+00
      87344   3482.253   3417.000    -0.6805   2.984279    34.9307    28.0929     9.7274     83.432    -0.0007    96.8187    1504.34   82.89308   -6.20594 0.0000e+00
      87367   3483.280   3418.000    -0.6804   2.984322    34.9306    28.0928     9.7428     83.564     0.0001    96.8162    1504.36   82.89308   -6.20594 0.0000e+00
      87390   3484.307   3419.000    -0.6803   2.984379    34.9307    28.0929     9.7322     83.473    -0.0005    96.8169    1504.38   82.89308   -6.20592 0.0000e+00
      87414   3485.335   3420.000    -0.6801   2.984421    34.9306    28.0928     9.7193     83.363    -0.0008    96.8166    1504.40   82.89308   -6.20592 0.0000e+00
      87437   3486.362   3421.000    -0.6801   2.984463    34.9306    28.0928     9.7273     83.432    -0.0003    96.8158    1504.41   82.89308   -6.20592 0.0000e+00
      87460   3487.389   3422.000    -0.6800   2.984512    34.9307    28.0929     9.7259     83.420     0.0001    96.8184    1504.43   82.89308   -6.20590 0.0000e+00
      87484   3488.417   3423.000    -0.6799   2.984552    34.9306    28.0928     9.7164     83.339    -0.0012    96.8184    1504.45   82.89308   -6.20590 0.0000e+00
      87507   3489.444   3424.000    -0.6799   2.984595    34.9307    28.0928     9.7170     83.344     0.0003    96.8082    1504.47   82.89308   -6.20588 0.0000e+00
      87530   3490.471   3425.000    -0.6798   2.984637    34.9306    28.0928     9.7415     83.554     0.0001    96.8188    1504.49   82.89308   -6.20588 0.0000e+00
      87553   3491.499   3426.000    -0.6797   2.984684    34.9307    28.0929     9.7340     83.490    -0.0004    96.8152    1504.50   82.89310   -6.20586 0.0000e+00
      87577   3492.526   3427.000    -0.6796   2.984733    34.9307    28.0929     9.7277     83.437     0.0077    96.8147    1504.52   82.89310   -6.20586 0.0000e+00
      87600   3493.553   3428.000    -0.6795   2.984774    34.9306    28.0929     9.7282     83.441     0.0096    96.8165    1504.54   82.89310   -6.20585 0.0000e+00
      87623   3494.581   3429.000    -0.6794   2.984821    34.9307    28.0929     9.7052     83.244     0.0038    96.8177    1504.56   82.89310   -6.20584 0.0000e+00
      87646   3495.608   3430.000    -0.6793   2.984869    34.9307    28.0929     9.7261     83.424    -0.0020    96.8167    1504.58   82.89310   -6.20584 0.0000e+00
      87670   3496.635   3431.000    -0.6792   2.984914    34.9307    28.0929     9.7379     83.525    -0.0024    96.8188    1504.59   82.89310   -6.20583 0.0000e+00
      87693   3497.662   3432.000    -0.6791   2.984951    34.9306    28.0928     9.7410     83.552     0.0026    96.8146    1504.61   82.89310   -6.20582 0.0000e+00
      87716   3498.690   3433.000    -0.6790   2.985007    34.9307    28.0929     9.7072     83.262     0.0085    96.8163    1504.63   82.89310   -6.20581 0.0000e+00
      87739   3499.717   3434.000    -0.6789   2.985045    34.9307    28.0929     9.7191     83.364    -0.0013    96.8188    1504.65   82.89310   -6.20580 0.0000e+00
      87763   3500.745   3435.000    -0.6788   2.985094    34.9307    28.0929     9.7078     83.268    -0.0006    96.8128    1504.67   82.89310   -6.20579 0.0000e+00
      87786   3501.772   3436.000    -0.6787   2.985137    34.9306    28.0928     9.7231     83.399     0.0000    96.8158    1504.69   82.89310   -6.20578 0.0000e+00
      87809   3502.799   3437.000    -0.6786   2.985180    34.9307    28.0928     9.7596     83.712     0.0071    96.8188    1504.70   82.89310   -6.20578 0.0000e+00
      87833   3503.827   3438.000    -0.6785   2.985233    34.9307    28.0929     9.7228     83.397     0.0033    96.8189    1504.72   82.89310   -6.20577 0.0000e+00
      87856   3504.854   3439.000    -0.6784   2.985276    34.9307    28.0929     9.7151     83.331    -0.0008    96.8188    1504.74   82.89310   -6.20576 0.0000e+00
      87879   3505.881   3440.000    -0.6783   2.985320    34.9306    28.0928     9.7302     83.460    -0.0009    96.8189    1504.76   82.89310   -6.20575 0.0000e+00
      87902   3506.909   3441.000    -0.6782   2.985364    34.9306    28.0928     9.7172     83.349    -0.0002    96.8176    1504.78   82.89310   -6.20574 0.0000e+00
      87926   3507.936   3442.000    -0.6782   2.985409    34.9306    28.0929     9.7081     83.272    -0.0022    96.8142    1504.80   82.89310   -6.20574 0.0000e+00
      87949   3508.964   3443.000    -0.6781   2.985453    34.9307    28.0929     9.7187     83.362    -0.0019    96.8168    1504.81   82.89310   -6.20574 0.0000e+00
      87972   3509.991   3444.000    -0.6780   2.985503    34.9307    28.0929     9.7213     83.385     0.0090    96.8177    1504.83   82.89310   -6.20572 0.0000e+00
      87995   3511.018   3445.000    -0.6779   2.985547    34.9306    28.0928     9.7376     83.525     0.0014    96.8188    1504.85   82.89310   -6.20572 0.0000e+00
      88019   3512.046   3446.000    -0.6778   2.985588    34.9307    28.0929     9.7237     83.406     0.0007    96.8180    1504.87   82.89310   -6.20570 0.0000e+00
      88042   3513.073   3447.000    -0.6777   2.985632    34.9306    28.0928     9.7332     83.488     0.0005    96.8196    1504.89   82.89310   -6.20570 0.0000e+00
      88065   3514.101   3448.000    -0.6776   2.985677    34.9306    28.0928     9.7258     83.425    -0.0008    96.8046    1504.90   82.89310   -6.20568 0.0000e+00
      88088   3515.128   3449.000    -0.6776   2.985717    34.9306    28.0928     9.7345     83.499     0.0007    96.8136    1504.92   82.89310   -6.20568 0.0000e+00
      88112   3516.155   3450.000    -0.6774   2.985770    34.9307    28.0929     9.7314     83.473     0.0006    96.8185    1504.94   82.89310   -6.20568 0.0000e+00
      88135   3517.183   3451.000    -0.6773   2.985817    34.9307    28.0928     9.7043     83.240     0.0002    96.8143    1504.96   82.89310   -6.20566 0.0000e+00
      88158   3518.210   3452.000    -0.6772   2.985866    34.9308    28.0929     9.7404     83.551    -0.0004    96.8166    1504.98   82.89310   -6.20566 0.0000e+00
      88181   3519.238   3453.000    -0.6772   2.985906    34.9307    28.0929     9.7184     83.362    -0.0017    96.8177    1505.00   82.89310   -6.20564 0.0000e+00
      88205   3520.265   3454.000    -0.6770   2.985956    34.9307    28.0929     9.7409     83.555    -0.0002    96.8188    1505.01   82.89310   -6.20562 0.0000e+00
      88228   3521.293   3455.000    -0.6769   2.985994    34.9306    28.0928     9.7132     83.318     0.0070    96.8188    1505.03   82.89310   -6.20562 0.0000e+00
      88251   3522.320   3456.000    -0.6768   2.986042    34.9307    28.0929     9.7321     83.480     0.0096    96.8188    1505.05   82.89310   -6.20560 0.0000e+00
      88274   3523.348   3457.000    -0.6767   2.986079    34.9306    28.0928     9.7382     83.533     0.0060    96.8188    1505.07   82.89310   -6.20560 0.0000e+00
      88298   3524.375   3458.000    -0.6766   2.986132    34.9307    28.0929     9.6978     83.186    -0.0008    96.8188    1505.09   82.89310   -6.20560 0.0000e+00
      88321   3525.403   3459.000    -0.6766   2.986175    34.9307    28.0929     9.6984     83.192    -0.0004    96.8188    1505.10   82.89310   -6.20558 0.0000e+00
      88344   3526.430   3460.000    -0.6764   2.986216    34.9306    28.0928     9.7369     83.522    -0.0003    96.8203    1505.12   82.89310   -6.20558 0.0000e+00
      88367   3527.457   3461.000    -0.6763   2.986267    34.9306    28.0928     9.7207     83.384     0.0089    96.8217    1505.14   82.89310   -6.20557 0.0000e+00
      88391   3528.485   3462.000    -0.6763   2.986310    34.9307    28.0929     9.7270     83.437     0.0016    96.8188    1505.16   82.89310   -6.20556 0.0000e+00
      88414   3529.512   3463.000    -0.6762   2.986354    34.9306    28.0928     9.7331     83.490    -0.0004    96.8199    1505.18   82.89310   -6.20556 0.0000e+00
      88437   3530.540   3464.000    -0.6761   2.986402    34.9307    28.0928     9.7344     83.502    -0.0016    96.8199    1505.20   82.89310   -6.20555 0.0000e+00
      88461   3531.567   3465.000    -0.6760   2.986448    34.9307    28.0929     9.7297     83.462    -0.0010    96.8242    1505.21   82.89310   -6.20554 0.0000e+00
      88484   3532.595   3466.000    -0.6759   2.986484    34.9305    28.0928     9.7282     83.449     0.0012    96.8189    1505.23   82.89310   -6.20553 0.0000e+00
      88507   3533.622   3467.000    -0.6759   2.986537    34.9307    28.0929     9.7321     83.482     0.0023    96.8211    1505.25   82.89310   -6.20552 0.0000e+00
      88530   3534.650   3468.000    -0.6758   2.986583    34.9307    28.0929     9.7009     83.215     0.0063    96.8241    1505.27   82.89310   -6.20551 0.0000e+00
      88554   3535.677   3469.000    -0.6757   2.986626    34.9307    28.0929     9.7222     83.398     0.0007    96.8200    1505.29   82.89310   -6.20550 0.0000e+00
      88577   3536.705   3470.000    -0.6755   2.986669    34.9306    28.0928     9.7352     83.509    -0.0002    96.8189    1505.30   82.89310   -6.20550 0.0000e+00
      88600   3537.732   3471.000    -0.6755   2.986715    34.9307    28.0929     9.7096     83.290    -0.0009    96.8252    1505.32   82.89310   -6.20549 0.0000e+00
      88623   3538.760   3472.000    -0.6754   2.986764    34.9307    28.0929     9.7475     83.616     0.0004    96.8191    1505.34   82.89310   -6.20548 0.0000e+00
      88646   3539.788   3473.000    -0.6753   2.986799    34.9307    28.0928     9.7241     83.415    -0.0014    96.8301    1505.36   82.89310   -6.20547 0.0000e+00
      88669   3540.815   3474.000    -0.6752   2.986849    34.9307    28.0929     9.7201     83.381    -0.0013    96.8289    1505.38   82.89310   -6.20546 0.0000e+00
      88692   3541.843   3475.000    -0.6752   2.986889    34.9306    28.0929     9.7369     83.525    -0.0010    96.8200    1505.40   82.89310   -6.20546 0.0000e+00
      88715   3542.870   3476.000    -0.6750   2.986940    34.9307    28.0929     9.7317     83.480     0.0002    96.8200    1505.41   82.89310   -6.20544 0.0000e+00
      88738   3543.898   3477.000    -0.6749   2.986987    34.9307    28.0929     9.6964     83.178    -0.0004    96.8189    1505.43   82.89310   -6.20544 0.0000e+00
      88761   3544.925   3478.000    -0.6748   2.987032    34.9307    28.0929     9.7117     83.310     0.0003    96.8220    1505.45   82.89310   -6.20544 0.0000e+00
      88783   3545.953   3479.000    -0.6747   2.987083    34.9307    28.0929     9.7283     83.452     0.0010    96.8200    1505.47   82.89310   -6.20542 0.0000e+00
      88806   3546.980   3480.000    -0.6746   2.987126    34.9307    28.0929     9.7398     83.551    -0.0005    96.8188    1505.49   82.89310   -6.20542 0.0000e+00
      88829   3548.008   3481.000    -0.6745   2.987172    34.9307    28.0929     9.7390     83.545     0.0016    96.8188    1505.50   82.89310   -6.20540 0.0000e+00
      88852   3549.035   3482.000    -0.6745   2.987214    34.9308    28.0930     9.7328     83.491    -0.0010    96.8199    1505.52   82.89310   -6.20540 0.0000e+00
      88875   3550.063   3483.000    -0.6743   2.987256    34.9306    28.0928     9.7267     83.440    -0.0002    96.8230    1505.54   82.89310   -6.20538 0.0000e+00
