Sta0266.cnv
* Sea-Bird SBE 9 Data File:
* FileName = C:\Seabird\CTDDATA\Sta0266.hex
* Software Version Seasave V 7.26.7.107
* Temperature SN = 03-4535
* Conductivity SN = 2860
* Number of Bytes Per Scan = 44
* Number of Voltage Words = 5
* Number of Scans Averaged by the Deck Unit = 1
* NMEA Latitude = 82 54.00 N
* NMEA Longitude = 006 14.84 W
* NMEA UTC (Time) = Oct 04 2019 04:36:38
* NMEA baud rate = 9600
** Ship: "Kronprins Haakon"
** Station: 266
** Echodepth: 3817
** Log: 8040.187
** Wind-Dir Force(m/s): 09 03
** Air-temp (dry): -12.4
** Weather Sky: 2 7
** Sea Ice: 0 5
# nquan = 15
# nvalues = 3860                        
# units = specified
# name 0 = scan: Scan Count
# name 1 = prDM: Pressure, Digiquartz [db]
# name 2 = depSM: Depth [salt water, m]
# name 3 = t068C: Temperature [IPTS-68, deg C]
# name 4 = c0S/m: Conductivity [S/m]
# name 5 = sal00: Salinity, Practical [PSU]
# name 6 = sigma-é00: Density [sigma-theta, kg/m^3]
# name 7 = sbeox0Mg/L: Oxygen, SBE 43 [mg/l]
# name 8 = sbeox0PS: Oxygen, SBE 43 [% saturation]
# name 9 = flECO-AFL: Fluorescence, WET Labs ECO-AFL/FL [mg/m^3]
# name 10 = CStarTr0: Beam Transmission, WET Labs C-Star [%]
# name 11 = svCM: Sound Velocity [Chen-Millero, m/s]
# name 12 = latitude: Latitude [deg]
# name 13 = longitude: Longitude [deg]
# name 14 = flag: flag
# span 0 =       1320,      96114       
# span 1 =      6.065,   3942.943       
# span 2 =      6.000,   3865.000       
# span 3 =    -1.7321,     1.2878       
# span 4 =   2.508454,   3.021016       
# span 5 =    31.5469,    34.9314       
# span 6 =    25.3722,    28.0935       
# span 7 =     9.8401,    13.4555       
# span 8 =     84.470,    109.568       
# span 9 =    -0.0068,     0.2263       
# span 10 =    93.7430,    95.9388      
# span 11 =    1436.48,    1512.53      
# span 12 =   82.90002,   82.90052      
# span 13 =   -6.25656,   -6.24747      
# span 14 = 0.0000e+00, 0.0000e+00      
# interval = meters: 1                  
# start_time = Oct 04 2019 04:36:39 [System UTC, first data scan.]
# bad_flag = -9.990e-29
*END*
[from data line 193]
       6960    201.242    199.000     0.3573   2.916823    34.6462    27.8013    10.2649     90.284     0.0134    95.7521    1453.57   82.90004   -6.24798 0.0000e+00
       6984    202.254    200.000     0.3944   2.920567    34.6530    27.8047    10.2494     90.239     0.0134    95.7521    1453.77   82.90004   -6.24798 0.0000e+00
       7007    203.265    201.000     0.4331   2.924487    34.6603    27.8084    10.2518     90.354     0.0285    95.7585    1453.97   82.90004   -6.24798 0.0000e+00
       7031    204.277    202.000     0.4450   2.925821    34.6638    27.8104    10.2345     90.232     0.0091    95.7577    1454.05   82.90004   -6.24798 0.0000e+00
       7054    205.289    203.000     0.4635   2.927766    34.6680    27.8127    10.2035     90.004     0.0290    95.7577    1454.15   82.90004   -6.24798 0.0000e+00
       7078    206.301    204.000     0.4896   2.930427    34.6729    27.8151    10.1805     89.865     0.0118    95.7577    1454.29   82.90004   -6.24799 0.0000e+00
       7101    207.313    205.000     0.5169   2.933325    34.6795    27.8188    10.1784     89.914     0.0136    95.7577    1454.44   82.90004   -6.24800 0.0000e+00
       7125    208.325    206.000     0.5395   2.935703    34.6846    27.8216    10.1891     90.064     0.0138    95.7578    1454.57   82.90004   -6.24800 0.0000e+00
       7148    209.336    207.000     0.5623   2.938110    34.6899    27.8245    10.1922     90.148     0.0142    95.7577    1454.69   82.90004   -6.24800 0.0000e+00
       7172    210.348    208.000     0.5898   2.940999    34.6961    27.8278    10.1937     90.229     0.0132    95.7577    1454.84   82.90004   -6.24800 0.0000e+00
       7195    211.360    209.000     0.6089   2.943071    34.7011    27.8307    10.1787     90.144     0.0092    95.7600    1454.95   82.90004   -6.24800 0.0000e+00
       7219    212.372    210.000     0.6386   2.946105    34.7067    27.8334    10.1783     90.213     0.0096    95.7769    1455.11   82.90004   -6.24800 0.0000e+00
       7242    213.384    211.000     0.6938   2.951680    34.7168    27.8382    10.1614     90.198     0.0096    95.7813    1455.39   82.90004   -6.24800 0.0000e+00
       7266    214.395    212.000     0.7205   2.954504    34.7231    27.8415    10.1730     90.367     0.0096    95.7838    1455.54   82.90004   -6.24800 0.0000e+00
       7289    215.407    213.000     0.7549   2.957983    34.7291    27.8443    10.1697     90.421     0.0096    95.7854    1455.72   82.90004   -6.24801 0.0000e+00
       7313    216.419    214.000     0.7780   2.960366    34.7337    27.8465    10.1439     90.249     0.0124    95.7889    1455.84   82.90004   -6.24802 0.0000e+00
       7336    217.431    215.000     0.7993   2.962606    34.7383    27.8488    10.1222     90.107     0.0145    95.7895    1455.96   82.90004   -6.24802 0.0000e+00
       7360    218.443    216.000     0.8171   2.964540    34.7429    27.8514    10.1038     89.988     0.0068    95.7915    1456.07   82.90004   -6.24802 0.0000e+00
       7383    219.454    217.000     0.8400   2.967096    34.7498    27.8555    10.0922     89.941     0.0058    95.7906    1456.19   82.90004   -6.24802 0.0000e+00
       7407    220.466    218.000     0.8657   2.969787    34.7554    27.8583    10.0912     89.995     0.0140    95.7899    1456.33   82.90004   -6.24802 0.0000e+00
       7430    221.478    219.000     0.8979   2.973019    34.7606    27.8604    10.1050     90.196     0.0130    95.7929    1456.50   82.90004   -6.24802 0.0000e+00
       7453    222.490    220.000     0.9535   2.978512    34.7688    27.8634    10.1004     90.289     0.0087    95.7914    1456.78   82.90004   -6.24802 0.0000e+00
       7477    223.502    221.000     0.9983   2.983099    34.7774    27.8674    10.1063     90.451     0.0093    95.7929    1457.01   82.90004   -6.24802 0.0000e+00
       7500    224.514    222.000     1.0275   2.986184    34.7840    27.8707    10.1203     90.648     0.0148    95.7993    1457.16   82.90004   -6.24802 0.0000e+00
       7524    225.526    223.000     1.0542   2.989003    34.7900    27.8738    10.0910     90.451     0.0220    95.8078    1457.31   82.90004   -6.24804 0.0000e+00
       7547    226.537    224.000     1.0750   2.991229    34.7948    27.8763    10.0474     90.111     0.0118    95.8048    1457.42   82.90004   -6.24804 0.0000e+00
       7571    227.549    225.000     1.1153   2.995361    34.8025    27.8797    10.0204     89.966     0.0033    95.8049    1457.63   82.90004   -6.24804 0.0000e+00
       7594    228.561    226.000     1.1347   2.997460    34.8072    27.8822    10.0361     90.155    -0.0001    95.8094    1457.74   82.90004   -6.24804 0.0000e+00
       7618    229.573    227.000     1.1495   2.999072    34.8110    27.8842    10.0452     90.272     0.0039    95.8105    1457.83   82.90004   -6.24804 0.0000e+00
       7641    230.585    228.000     1.1669   3.000957    34.8152    27.8864    10.0387     90.257     0.0091    95.8094    1457.93   82.90004   -6.24804 0.0000e+00
       7665    231.597    229.000     1.1752   3.001903    34.8175    27.8877    10.0360     90.253     0.0104    95.8164    1457.99   82.90004   -6.24804 0.0000e+00
       7688    232.609    230.000     1.1885   3.003337    34.8205    27.8892    10.0352     90.278     0.0126    95.8291    1458.07   82.90004   -6.24804 0.0000e+00
       7712    233.621    231.000     1.2155   3.006115    34.8254    27.8913    10.0376     90.366    -0.0002    95.8223    1458.21   82.90004   -6.24804 0.0000e+00
       7735    234.632    232.000     1.2247   3.007157    34.8280    27.8927    10.0672     90.655     0.0019    95.8354    1458.27   82.90004   -6.24804 0.0000e+00
       7759    235.645    233.000     1.2372   3.008555    34.8315    27.8946    10.0936     90.923     0.0084    95.8353    1458.35   82.90004   -6.24806 0.0000e+00
       7782    236.657    234.000     1.2433   3.009354    34.8343    27.8965    10.0869     90.879     0.0096    95.8353    1458.39   82.90004   -6.24806 0.0000e+00
       7806    237.668    235.000     1.2375   3.008973    34.8353    27.8977    10.0900     90.894     0.0040    95.8349    1458.39   82.90004   -6.24806 0.0000e+00
       7829    238.681    236.000     1.2330   3.008688    34.8360    27.8985    10.0984     90.960     0.0052    95.8352    1458.38   82.90004   -6.24806 0.0000e+00
       7852    239.692    237.000     1.2305   3.008543    34.8363    27.8990    10.0790     90.780     0.0096    95.8352    1458.39   82.90004   -6.24806 0.0000e+00
       7876    240.704    238.000     1.2283   3.008428    34.8366    27.8994    10.0678     90.674     0.0090    95.8353    1458.40   82.90004   -6.24806 0.0000e+00
       7899    241.716    239.000     1.2224   3.007972    34.8368    27.9000    10.0700     90.680     0.0093    95.8353    1458.39   82.90004   -6.24806 0.0000e+00
       7923    242.728    240.000     1.2111   3.007060    34.8371    27.9010    10.0925     90.857     0.0086    95.8360    1458.35   82.90004   -6.24806 0.0000e+00
       7946    243.740    241.000     1.2037   3.006471    34.8372    27.9016    10.0990     90.898    -0.0014    95.8360    1458.34   82.90004   -6.24806 0.0000e+00
       7970    244.752    242.000     1.1974   3.005957    34.8370    27.9019    10.1137     91.016     0.0076    95.8353    1458.33   82.90004   -6.24808 0.0000e+00
       7993    245.764    243.000     1.1859   3.004991    34.8369    27.9026    10.1192     91.039     0.0090    95.8367    1458.29   82.90004   -6.24808 0.0000e+00
       8017    246.776    244.000     1.1738   3.003983    34.8368    27.9034    10.1369     91.170     0.0095    95.8353    1458.25   82.90004   -6.24808 0.0000e+00
       8040    247.788    245.000     1.1607   3.002868    34.8365    27.9040    10.1362     91.133     0.0116    95.8353    1458.21   82.90004   -6.24808 0.0000e+00
       8064    248.800    246.000     1.1539   3.002312    34.8363    27.9043    10.1397     91.149     0.0054    95.8354    1458.20   82.90004   -6.24808 0.0000e+00
       8087    249.812    247.000     1.1490   3.001923    34.8362    27.9046    10.1443     91.178    -0.0007    95.8351    1458.19   82.90004   -6.24808 0.0000e+00
       8111    250.824    248.000     1.1473   3.001820    34.8363    27.9047    10.1630     91.342    -0.0008    95.8352    1458.20   82.90004   -6.24808 0.0000e+00
       8134    251.836    249.000     1.1397   3.001218    34.8363    27.9053    10.1692     91.380    -0.0012    95.8360    1458.18   82.90004   -6.24808 0.0000e+00
       8157    252.848    250.000     1.1317   3.000564    34.8363    27.9058    10.1761     91.423    -0.0004    95.8353    1458.16   82.90004   -6.24808 0.0000e+00
       8181    253.860    251.000     1.1297   3.000422    34.8360    27.9057    10.1578     91.255     0.0095    95.8360    1458.17   82.90004   -6.24808 0.0000e+00
       8204    254.872    252.000     1.1179   2.999435    34.8359    27.9065    10.1596     91.243     0.0009    95.8335    1458.13   82.90004   -6.24808 0.0000e+00
       8228    255.884    253.000     1.0987   2.997772    34.8354    27.9073    10.1611     91.211     0.0079    95.8361    1458.06   82.90004   -6.24808 0.0000e+00
       8251    256.896    254.000     1.0827   2.996389    34.8348    27.9080    10.1736     91.286     0.0096    95.8353    1458.01   82.90004   -6.24809 0.0000e+00
       8275    257.908    255.000     1.0776   2.995958    34.8343    27.9080    10.1742     91.279     0.0096    95.8353    1458.00   82.90004   -6.24810 0.0000e+00
       8298    258.920    256.000     1.0739   2.995662    34.8342    27.9081    10.1990     91.493     0.0050    95.8353    1458.00   82.90004   -6.24810 0.0000e+00
       8322    259.932    257.000     1.0701   2.995378    34.8341    27.9082    10.2172     91.648     0.0000    95.8352    1458.00   82.90004   -6.24810 0.0000e+00
       8345    260.944    258.000     1.0610   2.994609    34.8337    27.9086    10.2260     91.705    -0.0005    95.8352    1457.98   82.90004   -6.24810 0.0000e+00
       8369    261.956    259.000     1.0539   2.994010    34.8333    27.9088    10.2187     91.623     0.0016    95.8352    1457.96   82.90004   -6.24810 0.0000e+00
       8392    262.969    260.000     1.0501   2.993711    34.8331    27.9088    10.2047     91.488     0.0090    95.8353    1457.96   82.90004   -6.24810 0.0000e+00
       8416    263.981    261.000     1.0472   2.993494    34.8330    27.9090    10.2131     91.556    -0.0007    95.8342    1457.96   82.90004   -6.24810 0.0000e+00
       8439    264.992    262.000     1.0451   2.993361    34.8330    27.9091    10.2134     91.554    -0.0009    95.8319    1457.97   82.90004   -6.24810 0.0000e+00
       8462    266.005    263.000     1.0441   2.993312    34.8329    27.9091    10.2033     91.461    -0.0011    95.8342    1457.98   82.90004   -6.24810 0.0000e+00
       8486    267.017    264.000     1.0503   2.993962    34.8338    27.9094    10.2140     91.571     0.0058    95.8353    1458.03   82.90004   -6.24811 0.0000e+00
       8509    268.029    265.000     1.0736   2.996284    34.8371    27.9105    10.1944     91.453     0.0032    95.8353    1458.15   82.90004   -6.24812 0.0000e+00
       8533    269.041    266.000     1.0915   2.998084    34.8398    27.9114    10.2022     91.566     0.0042    95.8353    1458.25   82.90004   -6.24812 0.0000e+00
       8556    270.053    267.000     1.1175   3.000665    34.8432    27.9125    10.2031     91.638     0.0096    95.8353    1458.39   82.90004   -6.24812 0.0000e+00
       8580    271.065    268.000     1.1326   3.002212    34.8457    27.9134    10.1966     91.616     0.0099    95.8353    1458.48   82.90004   -6.24812 0.0000e+00
       8603    272.077    269.000     1.1472   3.003705    34.8481    27.9143    10.1824     91.524     0.0138    95.8353    1458.56   82.90004   -6.24812 0.0000e+00
       8627    273.089    270.000     1.1701   3.005978    34.8511    27.9152    10.1653     91.426     0.0095    95.8352    1458.69   82.90004   -6.24812 0.0000e+00
       8650    274.101    271.000     1.1971   3.008666    34.8549    27.9163    10.1503     91.356     0.0003    95.8352    1458.83   82.90004   -6.24812 0.0000e+00
       8674    275.114    272.000     1.2048   3.009485    34.8562    27.9169    10.1543     91.411    -0.0008    95.8354    1458.88   82.90004   -6.24812 0.0000e+00
       8697    276.126    273.000     1.2236   3.011380    34.8590    27.9178    10.1458     91.379    -0.0017    95.8353    1458.99   82.90004   -6.24812 0.0000e+00
       8720    277.138    274.000     1.2493   3.013966    34.8629    27.9192    10.1337     91.333    -0.0003    95.8375    1459.12   82.90004   -6.24814 0.0000e+00
       8744    278.150    275.000     1.2616   3.015252    34.8651    27.9201    10.1396     91.416     0.0049    95.8432    1459.20   82.90004   -6.24814 0.0000e+00
       8767    279.162    276.000     1.2690   3.016052    34.8666    27.9207    10.1363     91.405     0.0096    95.8404    1459.25   82.90004   -6.24814 0.0000e+00
       8791    280.174    277.000     1.2781   3.017026    34.8683    27.9215    10.1291     91.362     0.0096    95.8409    1459.31   82.90004   -6.24814 0.0000e+00
       8814    281.187    278.000     1.2839   3.017694    34.8697    27.9223    10.1240     91.331     0.0075    95.8432    1459.35   82.90004   -6.24814 0.0000e+00
       8838    282.198    279.000     1.2848   3.017856    34.8703    27.9226    10.1478     91.548    -0.0001    95.8410    1459.37   82.90004   -6.24814 0.0000e+00
       8861    283.211    280.000     1.2857   3.018029    34.8708    27.9230    10.1603     91.662     0.0007    95.8386    1459.39   82.90004   -6.24814 0.0000e+00
       8885    284.222    281.000     1.2871   3.018231    34.8713    27.9233    10.1569     91.635     0.0091    95.8398    1459.42   82.90004   -6.24814 0.0000e+00
       8908    285.235    282.000     1.2878   3.018375    34.8718    27.9237    10.1533     91.605     0.0026    95.8396    1459.44   82.90004   -6.24814 0.0000e+00
       8932    286.247    283.000     1.2867   3.018344    34.8720    27.9239    10.1674     91.730     0.0005    95.8384    1459.45   82.90004   -6.24814 0.0000e+00
       8955    287.260    284.000     1.2825   3.018059    34.8724    27.9245    10.1665     91.712     0.0011    95.8378    1459.45   82.90004   -6.24814 0.0000e+00
       8978    288.272    285.000     1.2764   3.017584    34.8726    27.9251    10.1660     91.694     0.0019    95.8436    1459.44   82.90004   -6.24816 0.0000e+00
       9002    289.284    286.000     1.2690   3.016979    34.8725    27.9256    10.1613     91.634     0.0007    95.8402    1459.42   82.90004   -6.24816 0.0000e+00
       9025    290.296    287.000     1.2666   3.016809    34.8724    27.9257    10.1739     91.741     0.0032    95.8375    1459.43   82.90004   -6.24816 0.0000e+00
       9049    291.308    288.000     1.2630   3.016540    34.8724    27.9259    10.1749     91.742     0.0083    95.8476    1459.43   82.90004   -6.24816 0.0000e+00
       9072    292.320    289.000     1.2617   3.016473    34.8724    27.9260    10.1972     91.940     0.0006    95.8450    1459.44   82.90004   -6.24816 0.0000e+00
       9096    293.332    290.000     1.2583   3.016220    34.8723    27.9262    10.1991     91.949    -0.0003    95.8544    1459.44   82.90004   -6.24816 0.0000e+00
       9119    294.345    291.000     1.2540   3.015880    34.8722    27.9263    10.1893     91.851     0.0007    95.8562    1459.44   82.90004   -6.24816 0.0000e+00
       9143    295.357    292.000     1.2519   3.015746    34.8722    27.9265    10.1851     91.808     0.0080    95.8552    1459.44   82.90004   -6.24816 0.0000e+00
       9166    296.369    293.000     1.2478   3.015423    34.8720    27.9267    10.1898     91.841     0.0032    95.8590    1459.44   82.90004   -6.24816 0.0000e+00
       9190    297.382    294.000     1.2400   3.014770    34.8718    27.9271    10.2031     91.942     0.0014    95.8547    1459.42   82.90004   -6.24817 0.0000e+00
