Sta0264.cnv
* Sea-Bird SBE 9 Data File:
* FileName = C:\Seabird\CTDDATA\test0264.hex
* Software Version Seasave V 7.26.7.107
* Temperature SN = 03-4535
* Conductivity SN = 2860
* Number of Bytes Per Scan = 44
* Number of Voltage Words = 5
* Number of Scans Averaged by the Deck Unit = 1
* NMEA Latitude = 82 52.68 N
* NMEA Longitude = 006 22.37 W
* NMEA UTC (Time) = Oct 02 2019 09:14:31
* NMEA baud rate = 9600
** Ship: "Kronprins Haakon"
** Station: 264
** Echodepth: 4175
** Log: 8016.022
** Wind-Dir Force(m/s): 18 07
** Air-temp (dry): -7.6
** Weather Sky: 2 8
** Sea Ice: 1 7
# nquan = 15
# nvalues = 3991                        
# units = specified
# name 0 = scan: Scan Count
# name 1 = prDM: Pressure, Digiquartz [db]
# name 2 = depSM: Depth [salt water, m]
# name 3 = t068C: Temperature [IPTS-68, deg C]
# name 4 = c0S/m: Conductivity [S/m]
# name 5 = sal00: Salinity, Practical [PSU]
# name 6 = sigma-é00: Density [sigma-theta, kg/m^3]
# name 7 = sbeox0Mg/L: Oxygen, SBE 43 [mg/l]
# name 8 = sbeox0PS: Oxygen, SBE 43 [% saturation]
# name 9 = flECO-AFL: Fluorescence, WET Labs ECO-AFL/FL [mg/m^3]
# name 10 = CStarTr0: Beam Transmission, WET Labs C-Star [%]
# name 11 = svCM: Sound Velocity [Chen-Millero, m/s]
# name 12 = latitude: Latitude [deg]
# name 13 = longitude: Longitude [deg]
# name 14 = flag: flag
# span 0 =       1932,     142081       
# span 1 =     14.151,   4086.069       
# span 2 =     14.000,   4004.000       
# span 3 =    -1.7444,     1.0535       
# span 4 =   2.511052,   3.010503       
# span 5 =    31.5783,    34.9310       
# span 6 =    25.3978,    28.0931       
# span 7 =     9.8465,    13.5910       
# span 8 =     84.580,    110.718       
# span 9 =    -0.0055,     0.2306       
# span 10 =    94.0553,    95.9658      
# span 11 =    1436.59,    1515.08      
# span 12 =   82.87808,   82.87871      
# span 13 =   -6.37154,   -6.34234      
# span 14 = 0.0000e+00, 0.0000e+00      
# interval = meters: 1                  
# start_time = Oct 02 2019 09:14:32 [System UTC, first data scan.]
# bad_flag = -9.990e-29
*END*
[from data line 1254]
      39276   1285.620   1268.000    -0.4340   2.917099    34.9099    28.0583    10.3244     89.116     0.0023    95.9128    1468.16   82.87836   -6.36408 0.0000e+00
      39300   1286.637   1269.000    -0.4342   2.917122    34.9098    28.0582    10.3325     89.186     0.0036    95.9129    1468.17   82.87836   -6.36408 0.0000e+00
      39323   1287.653   1270.000    -0.4344   2.917159    34.9099    28.0583    10.3446     89.289     0.0084    95.9129    1468.19   82.87836   -6.36406 0.0000e+00
      39346   1288.671   1271.000    -0.4349   2.917156    34.9099    28.0583    10.3413     89.260     0.0022    95.9140    1468.20   82.87836   -6.36406 0.0000e+00
      39370   1289.688   1272.000    -0.4355   2.917158    34.9100    28.0584    10.3257     89.124     0.0023    95.9129    1468.22   82.87836   -6.36406 0.0000e+00
      39393   1290.705   1273.000    -0.4361   2.917152    34.9100    28.0585    10.3262     89.126     0.0023    95.9174    1468.23   82.87836   -6.36406 0.0000e+00
      39416   1291.722   1274.000    -0.4362   2.917187    34.9100    28.0584    10.3264     89.128     0.0020    95.9128    1468.25   82.87836   -6.36404 0.0000e+00
      39440   1292.739   1275.000    -0.4362   2.917223    34.9100    28.0585    10.3293     89.153     0.0014    95.9129    1468.27   82.87836   -6.36404 0.0000e+00
      39463   1293.756   1276.000    -0.4366   2.917240    34.9100    28.0585    10.3347     89.199     0.0020    95.9140    1468.28   82.87836   -6.36404 0.0000e+00
      39486   1294.773   1277.000    -0.4373   2.917229    34.9100    28.0586    10.3403     89.246     0.0020    95.9172    1468.30   82.87836   -6.36404 0.0000e+00
      39510   1295.790   1278.000    -0.4379   2.917217    34.9101    28.0587    10.3342     89.191     0.0048    95.9123    1468.31   82.87836   -6.36402 0.0000e+00
      39533   1296.807   1279.000    -0.4381   2.917245    34.9101    28.0586    10.3196     89.065     0.0096    95.9129    1468.32   82.87836   -6.36402 0.0000e+00
      39556   1297.824   1280.000    -0.4383   2.917274    34.9101    28.0587    10.3247     89.109     0.0090    95.9122    1468.34   82.87836   -6.36402 0.0000e+00
      39580   1298.841   1281.000    -0.4383   2.917322    34.9102    28.0588    10.3348     89.196     0.0020    95.9129    1468.36   82.87836   -6.36400 0.0000e+00
      39603   1299.858   1282.000    -0.4394   2.917265    34.9101    28.0587    10.3379     89.220     0.0093    95.9129    1468.37   82.87836   -6.36400 0.0000e+00
      39626   1300.875   1283.000    -0.4404   2.917230    34.9102    28.0588    10.3126     89.000     0.0031    95.9152    1468.38   82.87836   -6.36400 0.0000e+00
      39650   1301.892   1284.000    -0.4419   2.917160    34.9104    28.0591    10.3177     89.040     0.0023    95.9194    1468.39   82.87836   -6.36400 0.0000e+00
      39673   1302.909   1285.000    -0.4428   2.917124    34.9104    28.0591    10.3452     89.275     0.0023    95.9129    1468.41   82.87836   -6.36398 0.0000e+00
      39696   1303.926   1286.000    -0.4439   2.917078    34.9104    28.0592    10.3360     89.194     0.0023    95.9137    1468.42   82.87836   -6.36398 0.0000e+00
      39720   1304.944   1287.000    -0.4444   2.917083    34.9105    28.0593    10.3193     89.048     0.0048    95.9165    1468.43   82.87836   -6.36398 0.0000e+00
      39743   1305.961   1288.000    -0.4449   2.917082    34.9105    28.0593    10.3271     89.115     0.0077    95.9141    1468.45   82.87836   -6.36398 0.0000e+00
      39766   1306.977   1289.000    -0.4455   2.917078    34.9105    28.0593    10.3283     89.124     0.0023    95.9148    1468.46   82.87836   -6.36397 0.0000e+00
      39790   1307.995   1290.000    -0.4464   2.917047    34.9105    28.0595    10.3279     89.118     0.0023    95.9169    1468.47   82.87836   -6.36396 0.0000e+00
      39813   1309.012   1291.000    -0.4475   2.917002    34.9106    28.0595    10.3199     89.045     0.0020    95.9205    1468.48   82.87836   -6.36396 0.0000e+00
      39836   1310.029   1292.000    -0.4480   2.917002    34.9107    28.0596    10.3186     89.034     0.0017    95.9161    1468.50   82.87836   -6.36396 0.0000e+00
      39860   1311.046   1293.000    -0.4482   2.917014    34.9104    28.0595    10.3203     89.048     0.0023    95.9152    1468.52   82.87837   -6.36395 0.0000e+00
      39883   1312.063   1294.000    -0.4484   2.917045    34.9105    28.0595    10.3326     89.153     0.0020    95.9140    1468.53   82.87838   -6.36394 0.0000e+00
      39907   1313.080   1295.000    -0.4489   2.917044    34.9105    28.0595    10.3344     89.168     0.0017    95.9138    1468.55   82.87838   -6.36394 0.0000e+00
      39930   1314.097   1296.000    -0.4496   2.917042    34.9106    28.0597    10.3379     89.197     0.0020    95.9154    1468.56   82.87838   -6.36394 0.0000e+00
      39953   1315.115   1297.000    -0.4507   2.917002    34.9107    28.0598    10.3178     89.020     0.0042    95.9117    1468.57   82.87838   -6.36393 0.0000e+00
      39977   1316.132   1298.000    -0.4518   2.916961    34.9108    28.0600    10.3191     89.030     0.0084    95.9183    1468.59   82.87838   -6.36392 0.0000e+00
      40000   1317.149   1299.000    -0.4536   2.916853    34.9110    28.0601    10.3026     88.883     0.0023    95.9132    1468.59   82.87838   -6.36392 0.0000e+00
      40024   1318.166   1300.000    -0.4547   2.916793    34.9108    28.0601    10.3074     88.921     0.0023    95.9180    1468.60   82.87838   -6.36392 0.0000e+00
      40047   1319.183   1301.000    -0.4549   2.916822    34.9109    28.0601    10.3165     88.999     0.0090    95.9159    1468.62   82.87838   -6.36391 0.0000e+00
      40071   1320.200   1302.000    -0.4551   2.916857    34.9109    28.0602    10.3193     89.024     0.0035    95.9175    1468.64   82.87838   -6.36390 0.0000e+00
      40094   1321.218   1303.000    -0.4556   2.916862    34.9110    28.0602    10.3214     89.041     0.0020    95.9130    1468.65   82.87838   -6.36390 0.0000e+00
      40117   1322.235   1304.000    -0.4560   2.916856    34.9109    28.0602    10.3230     89.053     0.0020    95.9151    1468.67   82.87838   -6.36390 0.0000e+00
      40140   1323.252   1305.000    -0.4565   2.916867    34.9109    28.0603    10.3186     89.015     0.0023    95.9129    1468.68   82.87838   -6.36390 0.0000e+00
      40164   1324.269   1306.000    -0.4567   2.916890    34.9109    28.0602    10.3201     89.027     0.0014    95.9095    1468.70   82.87838   -6.36388 0.0000e+00
      40187   1325.286   1307.000    -0.4569   2.916927    34.9110    28.0604    10.3126     88.961     0.0036    95.9129    1468.71   82.87838   -6.36388 0.0000e+00
      40210   1326.303   1308.000    -0.4578   2.916891    34.9111    28.0604    10.3060     88.902     0.0090    95.9152    1468.73   82.87838   -6.36388 0.0000e+00
      40233   1327.321   1309.000    -0.4581   2.916906    34.9110    28.0604    10.3160     88.988     0.0023    95.9129    1468.74   82.87838   -6.36386 0.0000e+00
      40256   1328.338   1310.000    -0.4585   2.916921    34.9110    28.0604    10.3100     88.935     0.0090    95.9129    1468.76   82.87838   -6.36386 0.0000e+00
      40279   1329.355   1311.000    -0.4585   2.916962    34.9110    28.0604    10.3126     88.958     0.0038    95.9161    1468.77   82.87838   -6.36386 0.0000e+00
      40303   1330.372   1312.000    -0.4587   2.917000    34.9111    28.0605    10.3215     89.034     0.0073    95.9129    1468.79   82.87838   -6.36386 0.0000e+00
      40326   1331.389   1313.000    -0.4587   2.917023    34.9110    28.0604    10.3213     89.032     0.0055    95.9130    1468.81   82.87838   -6.36384 0.0000e+00
      40349   1332.407   1314.000    -0.4595   2.917009    34.9111    28.0605    10.3167     88.990     0.0052    95.9151    1468.82   82.87838   -6.36384 0.0000e+00
      40372   1333.424   1315.000    -0.4597   2.917037    34.9110    28.0605    10.3127     88.956     0.0071    95.9129    1468.84   82.87838   -6.36384 0.0000e+00
      40396   1334.441   1316.000    -0.4612   2.916957    34.9111    28.0607    10.3186     89.003     0.0024    95.9173    1468.85   82.87838   -6.36384 0.0000e+00
      40419   1335.458   1317.000    -0.4619   2.916939    34.9111    28.0607    10.3188     89.003     0.0026    95.9188    1468.86   82.87838   -6.36382 0.0000e+00
      40442   1336.476   1318.000    -0.4621   2.916973    34.9112    28.0608    10.3139     88.960     0.0097    95.9148    1468.88   82.87838   -6.36382 0.0000e+00
      40466   1337.493   1319.000    -0.4628   2.916945    34.9112    28.0608    10.3149     88.967     0.0096    95.9129    1468.89   82.87838   -6.36382 0.0000e+00
      40489   1338.510   1320.000    -0.4627   2.917000    34.9112    28.0608    10.3174     88.989     0.0096    95.9129    1468.91   82.87838   -6.36382 0.0000e+00
      40512   1339.528   1321.000    -0.4628   2.917030    34.9111    28.0607    10.2991     88.831     0.0042    95.9129    1468.92   82.87838 -9.990e-29 0.0000e+00
      40536   1340.545   1322.000    -0.4628   2.917086    34.9113    28.0609    10.3132     88.953     0.0067    95.9155    1468.94   82.87838 -9.990e-29 0.0000e+00
      40559   1341.562   1323.000    -0.4631   2.917100    34.9112    28.0609    10.3043     88.876     0.0061    95.9137    1468.96   82.87838 -9.990e-29 0.0000e+00
      40583   1342.579   1324.000    -0.4637   2.917100    34.9113    28.0610    10.2929     88.776     0.0047    95.9151    1468.97   82.87838 -9.990e-29 0.0000e+00
      40607   1343.596   1325.000    -0.4643   2.917095    34.9113    28.0609    10.3051     88.880     0.0077    95.9116    1468.99   82.87838   -6.36378 0.0000e+00
      40630   1344.614   1326.000    -0.4645   2.917115    34.9112    28.0609    10.2984     88.822     0.0018    95.9221    1469.00   82.87838   -6.36378 0.0000e+00
      40653   1345.631   1327.000    -0.4645   2.917158    34.9112    28.0609    10.3139     88.955     0.0017    95.9151    1469.02   82.87838   -6.36378 0.0000e+00
      40676   1346.648   1328.000    -0.4648   2.917184    34.9114    28.0610    10.3252     89.052     0.0018    95.9154    1469.03   82.87838   -6.36377 0.0000e+00
      40700   1347.666   1329.000    -0.4648   2.917219    34.9113    28.0610    10.3206     89.012     0.0016    95.9137    1469.05   82.87838   -6.36376 0.0000e+00
      40723   1348.683   1330.000    -0.4652   2.917232    34.9113    28.0610    10.3158     88.970     0.0071    95.9129    1469.07   82.87838   -6.36376 0.0000e+00
      40747   1349.700   1331.000    -0.4658   2.917228    34.9113    28.0611    10.3057     88.881     0.0043    95.9140    1469.08   82.87838   -6.36376 0.0000e+00
      40770   1350.717   1332.000    -0.4663   2.917226    34.9113    28.0611    10.2975     88.809     0.0058    95.9159    1469.09   82.87838   -6.36375 0.0000e+00
      40793   1351.735   1333.000    -0.4670   2.917208    34.9113    28.0612    10.2994     88.824     0.0096    95.9132    1469.11   82.87838   -6.36374 0.0000e+00
      40817   1352.752   1334.000    -0.4680   2.917172    34.9114    28.0613    10.3152     88.958     0.0074    95.9173    1469.12   82.87838   -6.36374 0.0000e+00
      40840   1353.769   1335.000    -0.4686   2.917165    34.9114    28.0613    10.3100     88.912     0.0018    95.9129    1469.13   82.87838   -6.36374 0.0000e+00
      40864   1354.787   1336.000    -0.4687   2.917203    34.9114    28.0613    10.3171     88.973     0.0021    95.9173    1469.15   82.87838   -6.36373 0.0000e+00
      40887   1355.804   1337.000    -0.4688   2.917230    34.9114    28.0613    10.3174     88.975     0.0017    95.9163    1469.17   82.87838   -6.36372 0.0000e+00
      40910   1356.821   1338.000    -0.4694   2.917224    34.9113    28.0613    10.3052     88.869     0.0090    95.9204    1469.18   82.87838   -6.36372 0.0000e+00
      40934   1357.839   1339.000    -0.4697   2.917242    34.9114    28.0614    10.3038     88.856     0.0096    95.9208    1469.20   82.87838   -6.36371 0.0000e+00
      40957   1358.856   1340.000    -0.4698   2.917275    34.9114    28.0613    10.3126     88.931     0.0042    95.9170    1469.21   82.87838   -6.36370 0.0000e+00
      40980   1359.873   1341.000    -0.4705   2.917275    34.9115    28.0615    10.3126     88.930     0.0023    95.9164    1469.23   82.87838   -6.36370 0.0000e+00
      41004   1360.891   1342.000    -0.4705   2.917315    34.9115    28.0615    10.3067     88.879     0.0020    95.9174    1469.24   82.87838   -6.36370 0.0000e+00
      41027   1361.908   1343.000    -0.4706   2.917342    34.9114    28.0614    10.3125     88.928     0.0023    95.9163    1469.26   82.87838   -6.36370 0.0000e+00
      41050   1362.925   1344.000    -0.4711   2.917340    34.9114    28.0614    10.3044     88.858     0.0023    95.9128    1469.28   82.87838   -6.36368 0.0000e+00
      41074   1363.943   1345.000    -0.4717   2.917349    34.9116    28.0616    10.2932     88.760     0.0023    95.9183    1469.29   82.87838   -6.36368 0.0000e+00
      41097   1364.960   1346.000    -0.4717   2.917379    34.9114    28.0615    10.3033     88.846     0.0022    95.9163    1469.31   82.87838   -6.36368 0.0000e+00
      41120   1365.978   1347.000    -0.4720   2.917408    34.9116    28.0616    10.2948     88.773     0.0015    95.9140    1469.32   82.87838   -6.36368 0.0000e+00
      41144   1366.995   1348.000    -0.4723   2.917422    34.9115    28.0616    10.2971     88.792     0.0021    95.9174    1469.34   82.87838   -6.36366 0.0000e+00
      41167   1368.013   1349.000    -0.4751   2.917247    34.9117    28.0619    10.3064     88.866     0.0019    95.9174    1469.34   82.87838   -6.36366 0.0000e+00
      41190   1369.030   1350.000    -0.4755   2.917251    34.9118    28.0619    10.3021     88.828     0.0017    95.9173    1469.36   82.87838   -6.36366 0.0000e+00
      41214   1370.047   1351.000    -0.4756   2.917276    34.9116    28.0618    10.2898     88.721     0.0023    95.9229    1469.37   82.87838   -6.36366 0.0000e+00
      41237   1371.064   1352.000    -0.4757   2.917320    34.9117    28.0619    10.3097     88.893     0.0019    95.9200    1469.39   82.87838   -6.36364 0.0000e+00
      41261   1372.082   1353.000    -0.4761   2.917331    34.9117    28.0619    10.3122     88.913     0.0018    95.9158    1469.41   82.87838   -6.36364 0.0000e+00
      41284   1373.099   1354.000    -0.4759   2.917397    34.9119    28.0620    10.2986     88.797     0.0022    95.9163    1469.42   82.87838   -6.36364 0.0000e+00
      41307   1374.117   1355.000    -0.4724   2.917778    34.9124    28.0623    10.2964     88.786     0.0024    95.9165    1469.46   82.87838   -6.36364 0.0000e+00
      41331   1375.134   1356.000    -0.4719   2.917880    34.9126    28.0625    10.2926     88.755     0.0094    95.9185    1469.48   82.87838   -6.36362 0.0000e+00
      41354   1376.151   1357.000    -0.4714   2.917964    34.9125    28.0624    10.2974     88.797     0.0030    95.9182    1469.50   82.87838   -6.36362 0.0000e+00
      41377   1377.169   1358.000    -0.4712   2.918028    34.9127    28.0625    10.2934     88.763     0.0023    95.9183    1469.51   82.87838   -6.36362 0.0000e+00
      41401   1378.186   1359.000    -0.4719   2.918017    34.9126    28.0625    10.2965     88.789     0.0023    95.9152    1469.53   82.87838   -6.36362 0.0000e+00
      41424   1379.204   1360.000    -0.4720   2.918056    34.9127    28.0625    10.2854     88.693     0.0061    95.9174    1469.54   82.87838   -6.36361 0.0000e+00
      41447   1380.221   1361.000    -0.4721   2.918092    34.9127    28.0626    10.2806     88.651     0.0066    95.9172    1469.56   82.87838   -6.36360 0.0000e+00
      41471   1381.239   1362.000    -0.4724   2.918113    34.9128    28.0626    10.2784     88.632     0.0046    95.9185    1469.58   82.87838   -6.36360 0.0000e+00
