Sta0266.cnv
* Sea-Bird SBE 9 Data File:
* FileName = C:\Seabird\CTDDATA\Sta0266.hex
* Software Version Seasave V 7.26.7.107
* Temperature SN = 03-4535
* Conductivity SN = 2860
* Number of Bytes Per Scan = 44
* Number of Voltage Words = 5
* Number of Scans Averaged by the Deck Unit = 1
* NMEA Latitude = 82 54.00 N
* NMEA Longitude = 006 14.84 W
* NMEA UTC (Time) = Oct 04 2019 04:36:38
* NMEA baud rate = 9600
** Ship: "Kronprins Haakon"
** Station: 266
** Echodepth: 3817
** Log: 8040.187
** Wind-Dir Force(m/s): 09 03
** Air-temp (dry): -12.4
** Weather Sky: 2 7
** Sea Ice: 0 5
# nquan = 15
# nvalues = 3860                        
# units = specified
# name 0 = scan: Scan Count
# name 1 = prDM: Pressure, Digiquartz [db]
# name 2 = depSM: Depth [salt water, m]
# name 3 = t068C: Temperature [IPTS-68, deg C]
# name 4 = c0S/m: Conductivity [S/m]
# name 5 = sal00: Salinity, Practical [PSU]
# name 6 = sigma-é00: Density [sigma-theta, kg/m^3]
# name 7 = sbeox0Mg/L: Oxygen, SBE 43 [mg/l]
# name 8 = sbeox0PS: Oxygen, SBE 43 [% saturation]
# name 9 = flECO-AFL: Fluorescence, WET Labs ECO-AFL/FL [mg/m^3]
# name 10 = CStarTr0: Beam Transmission, WET Labs C-Star [%]
# name 11 = svCM: Sound Velocity [Chen-Millero, m/s]
# name 12 = latitude: Latitude [deg]
# name 13 = longitude: Longitude [deg]
# name 14 = flag: flag
# span 0 =       1320,      96114       
# span 1 =      6.065,   3942.943       
# span 2 =      6.000,   3865.000       
# span 3 =    -1.7321,     1.2878       
# span 4 =   2.508454,   3.021016       
# span 5 =    31.5469,    34.9314       
# span 6 =    25.3722,    28.0935       
# span 7 =     9.8401,    13.4555       
# span 8 =     84.470,    109.568       
# span 9 =    -0.0068,     0.2263       
# span 10 =    93.7430,    95.9388      
# span 11 =    1436.48,    1512.53      
# span 12 =   82.90002,   82.90052      
# span 13 =   -6.25656,   -6.24747      
# span 14 = 0.0000e+00, 0.0000e+00      
# interval = meters: 1                  
# start_time = Oct 04 2019 04:36:39 [System UTC, first data scan.]
# bad_flag = -9.990e-29
*END*
[from data line 2603]
      62986   2653.757   2609.000    -0.7305   2.948692    34.9264    28.0886    10.0117     85.754     0.0020    95.7783    1489.88   82.90026   -6.25300 0.0000e+00
      63009   2654.780   2610.000    -0.7304   2.948727    34.9263    28.0885    10.0077     85.720     0.0019    95.7831    1489.89   82.90026   -6.25300 0.0000e+00
      63032   2655.804   2611.000    -0.7304   2.948771    34.9264    28.0886    10.0154     85.786     0.0015    95.7834    1489.91   82.90026   -6.25300 0.0000e+00
      63056   2656.827   2612.000    -0.7303   2.948815    34.9264    28.0886    10.0114     85.752     0.0023    95.7833    1489.93   82.90026   -6.25300 0.0000e+00
      63079   2657.851   2613.000    -0.7305   2.948856    34.9265    28.0887    10.0122     85.759     0.0017    95.7835    1489.95   82.90026   -6.25302 0.0000e+00
      63102   2658.874   2614.000    -0.7304   2.948898    34.9265    28.0887    10.0296     85.908     0.0023    95.7835    1489.96   82.90026   -6.25302 0.0000e+00
      63125   2659.897   2615.000    -0.7304   2.948950    34.9266    28.0888    10.0194     85.821     0.0084    95.7832    1489.98   82.90026   -6.25302 0.0000e+00
      63149   2660.921   2616.000    -0.7304   2.948981    34.9265    28.0887    10.0140     85.774     0.0096    95.7835    1490.00   82.90026   -6.25302 0.0000e+00
      63172   2661.945   2617.000    -0.7303   2.949024    34.9265    28.0887    10.0080     85.723     0.0052    95.7834    1490.01   82.90026   -6.25302 0.0000e+00
      63195   2662.968   2618.000    -0.7303   2.949060    34.9264    28.0886     9.9994     85.649     0.0023    95.7835    1490.03   82.90026   -6.25302 0.0000e+00
      63218   2663.992   2619.000    -0.7304   2.949104    34.9266    28.0887    10.0163     85.794     0.0020    95.7834    1490.05   82.90026   -6.25302 0.0000e+00
      63242   2665.015   2620.000    -0.7303   2.949146    34.9265    28.0887    10.0187     85.814     0.0038    95.7814    1490.07   82.90026   -6.25302 0.0000e+00
      63265   2666.039   2621.000    -0.7304   2.949182    34.9266    28.0888    10.0140     85.774     0.0088    95.7857    1490.08   82.90026   -6.25302 0.0000e+00
      63288   2667.062   2622.000    -0.7304   2.949224    34.9265    28.0887    10.0017     85.669     0.0018    95.7832    1490.10   82.90026   -6.25303 0.0000e+00
      63311   2668.086   2623.000    -0.7304   2.949262    34.9265    28.0888    10.0106     85.746     0.0017    95.7827    1490.12   82.90026   -6.25304 0.0000e+00
      63335   2669.109   2624.000    -0.7303   2.949312    34.9266    28.0888    10.0146     85.780     0.0011    95.7835    1490.14   82.90026   -6.25304 0.0000e+00
      63358   2670.133   2625.000    -0.7303   2.949349    34.9265    28.0887    10.0090     85.732     0.0017    95.7823    1490.16   82.90026   -6.25304 0.0000e+00
      63381   2671.156   2626.000    -0.7303   2.949391    34.9266    28.0888    10.0213     85.837    -0.0025    95.7791    1490.17   82.90026   -6.25304 0.0000e+00
      63404   2672.180   2627.000    -0.7303   2.949431    34.9266    28.0888    10.0154     85.787    -0.0025    95.7782    1490.19   82.90026   -6.25304 0.0000e+00
      63427   2673.203   2628.000    -0.7304   2.949463    34.9266    28.0888    10.0149     85.782     0.0024    95.7810    1490.21   82.90026   -6.25304 0.0000e+00
      63451   2674.227   2629.000    -0.7305   2.949497    34.9266    28.0889    10.0129     85.765     0.0020    95.7835    1490.22   82.90026   -6.25304 0.0000e+00
      63474   2675.251   2630.000    -0.7304   2.949539    34.9266    28.0888    10.0240     85.860     0.0007    95.7783    1490.24   82.90026   -6.25305 0.0000e+00
      63497   2676.274   2631.000    -0.7304   2.949582    34.9267    28.0889    10.0273     85.889    -0.0050    95.7766    1490.26   82.90026   -6.25306 0.0000e+00
      63520   2677.298   2632.000    -0.7305   2.949628    34.9268    28.0890    10.0070     85.714     0.0015    95.7731    1490.28   82.90026   -6.25306 0.0000e+00
      63544   2678.321   2633.000    -0.7304   2.949670    34.9268    28.0890    10.0151     85.784     0.0023    95.7792    1490.30   82.90026   -6.25306 0.0000e+00
      63567   2679.345   2634.000    -0.7304   2.949710    34.9267    28.0890    10.0266     85.883     0.0023    95.7801    1490.31   82.90026   -6.25306 0.0000e+00
      63590   2680.368   2635.000    -0.7304   2.949753    34.9268    28.0890    10.0197     85.823     0.0061    95.7812    1490.33   82.90026   -6.25306 0.0000e+00
      63613   2681.392   2636.000    -0.7304   2.949791    34.9267    28.0890    10.0012     85.665     0.0064    95.7823    1490.35   82.90026   -6.25306 0.0000e+00
      63636   2682.415   2637.000    -0.7304   2.949830    34.9267    28.0890    10.0158     85.790     0.0013    95.7800    1490.36   82.90026   -6.25306 0.0000e+00
      63660   2683.439   2638.000    -0.7304   2.949874    34.9268    28.0890    10.0066     85.711     0.0024    95.7793    1490.38   82.90026   -6.25306 0.0000e+00
      63683   2684.463   2639.000    -0.7303   2.949916    34.9267    28.0890    10.0047     85.695     0.0089    95.7835    1490.40   82.90026   -6.25308 0.0000e+00
      63706   2685.486   2640.000    -0.7303   2.949955    34.9267    28.0889    10.0223     85.846     0.0016    95.7801    1490.42   82.90026   -6.25308 0.0000e+00
      63729   2686.510   2641.000    -0.7302   2.950002    34.9267    28.0890    10.0033     85.683     0.0019    95.7792    1490.44   82.90026   -6.25308 0.0000e+00
      63753   2687.533   2642.000    -0.7302   2.950048    34.9268    28.0890    10.0060     85.706     0.0020    95.7823    1490.45   82.90028   -6.25308 0.0000e+00
      63776   2688.557   2643.000    -0.7302   2.950086    34.9268    28.0890    10.0270     85.887     0.0021    95.7835    1490.47   82.90028   -6.25308 0.0000e+00
      63799   2689.581   2644.000    -0.7301   2.950131    34.9268    28.0890    10.0138     85.774     0.0017    95.7825    1490.49   82.90028   -6.25308 0.0000e+00
      63822   2690.604   2645.000    -0.7300   2.950183    34.9268    28.0890    10.0131     85.768     0.0020    95.7690    1490.51   82.90028   -6.25308 0.0000e+00
      63846   2691.628   2646.000    -0.7300   2.950219    34.9267    28.0890    10.0131     85.768     0.0020    95.7576    1490.53   82.90028   -6.25308 0.0000e+00
      63869   2692.651   2647.000    -0.7300   2.950257    34.9267    28.0890    10.0086     85.729     0.0011    95.7749    1490.54   82.90028   -6.25310 0.0000e+00
      63892   2693.675   2648.000    -0.7300   2.950301    34.9268    28.0890     9.9898     85.568     0.0017    95.7813    1490.56   82.90028   -6.25310 0.0000e+00
      63915   2694.699   2649.000    -0.7300   2.950344    34.9269    28.0891     9.9987     85.644     0.0017    95.7800    1490.58   82.90028   -6.25310 0.0000e+00
      63939   2695.722   2650.000    -0.7300   2.950386    34.9269    28.0891    10.0088     85.731     0.0022    95.7793    1490.59   82.90028   -6.25310 0.0000e+00
      63962   2696.746   2651.000    -0.7300   2.950428    34.9269    28.0891     9.9941     85.605     0.0081    95.7753    1490.61   82.90028   -6.25310 0.0000e+00
      63985   2697.770   2652.000    -0.7299   2.950484    34.9270    28.0892    10.0009     85.664     0.0045    95.7678    1490.63   82.90028   -6.25310 0.0000e+00
      64008   2698.793   2653.000    -0.7299   2.950525    34.9270    28.0892    10.0026     85.678     0.0016    95.7738    1490.65   82.90028   -6.25310 0.0000e+00
      64032   2699.817   2654.000    -0.7298   2.950570    34.9270    28.0892    10.0112     85.752     0.0051    95.7824    1490.66   82.90028   -6.25310 0.0000e+00
      64055   2700.841   2655.000    -0.7298   2.950605    34.9269    28.0891    10.0238     85.860     0.0067    95.7757    1490.68   82.90028   -6.25311 0.0000e+00
      64078   2701.864   2656.000    -0.7298   2.950652    34.9270    28.0892    10.0116     85.755     0.0020    95.7715    1490.70   82.90028   -6.25312 0.0000e+00
      64101   2702.888   2657.000    -0.7297   2.950690    34.9269    28.0891     9.9990     85.648     0.0023    95.7788    1490.72   82.90028   -6.25312 0.0000e+00
      64125   2703.912   2658.000    -0.7297   2.950733    34.9269    28.0892    10.0177     85.808     0.0011    95.7713    1490.73   82.90028   -6.25312 0.0000e+00
      64148   2704.935   2659.000    -0.7297   2.950779    34.9271    28.0893    10.0169     85.801     0.0092    95.7708    1490.75   82.90028   -6.25312 0.0000e+00
      64171   2705.959   2660.000    -0.7297   2.950820    34.9271    28.0893    10.0057     85.706     0.0026    95.7685    1490.77   82.90028   -6.25312 0.0000e+00
      64194   2706.983   2661.000    -0.7296   2.950862    34.9270    28.0892     9.9995     85.652     0.0061    95.7675    1490.79   82.90028   -6.25312 0.0000e+00
      64217   2708.006   2662.000    -0.7296   2.950904    34.9270    28.0892    10.0029     85.681     0.0053    95.7641    1490.81   82.90028   -6.25312 0.0000e+00
      64241   2709.030   2663.000    -0.7296   2.950939    34.9270    28.0892    10.0100     85.743     0.0017    95.7756    1490.82   82.90028   -6.25313 0.0000e+00
      64264   2710.054   2664.000    -0.7295   2.950987    34.9269    28.0892    10.0114     85.754     0.0020    95.7716    1490.84   82.90028   -6.25314 0.0000e+00
      64287   2711.077   2665.000    -0.7295   2.951036    34.9271    28.0893    10.0077     85.722     0.0020    95.7755    1490.86   82.90028   -6.25314 0.0000e+00
      64310   2712.101   2666.000    -0.7295   2.951075    34.9270    28.0893    10.0096     85.739     0.0020    95.7691    1490.88   82.90028   -6.25314 0.0000e+00
      64334   2713.125   2667.000    -0.7295   2.951114    34.9270    28.0892    10.0139     85.777     0.0023    95.7664    1490.89   82.90028   -6.25314 0.0000e+00
      64357   2714.149   2668.000    -0.7294   2.951164    34.9271    28.0893     9.9913     85.582     0.0014    95.7734    1490.91   82.90028   -6.25314 0.0000e+00
      64380   2715.173   2669.000    -0.7294   2.951196    34.9270    28.0892    10.0293     85.908     0.0017    95.7786    1490.93   82.90028   -6.25314 0.0000e+00
      64403   2716.196   2670.000    -0.7294   2.951244    34.9271    28.0893    10.0102     85.745     0.0017    95.7778    1490.95   82.90028   -6.25314 0.0000e+00
      64427   2717.220   2671.000    -0.7294   2.951283    34.9271    28.0893    10.0102     85.744     0.0017    95.7649    1490.97   82.90028   -6.25314 0.0000e+00
      64450   2718.244   2672.000    -0.7294   2.951328    34.9271    28.0893    10.0090     85.734     0.0020    95.7734    1490.98   82.90028   -6.25316 0.0000e+00
      64473   2719.268   2673.000    -0.7294   2.951369    34.9272    28.0894    10.0195     85.825    -0.0012    95.7651    1491.00   82.90028   -6.25316 0.0000e+00
      64496   2720.291   2674.000    -0.7294   2.951406    34.9271    28.0894    10.0134     85.772    -0.0047    95.7667    1491.02   82.90028   -6.25316 0.0000e+00
      64520   2721.315   2675.000    -0.7293   2.951448    34.9271    28.0894    10.0235     85.858     0.0011    95.7703    1491.03   82.90028   -6.25316 0.0000e+00
      64543   2722.339   2676.000    -0.7293   2.951490    34.9271    28.0894    10.0241     85.864     0.0021    95.7652    1491.05   82.90028   -6.25316 0.0000e+00
      64566   2723.363   2677.000    -0.7293   2.951533    34.9272    28.0894     9.9885     85.559     0.0020    95.7697    1491.07   82.90028   -6.25316 0.0000e+00
      64589   2724.386   2678.000    -0.7293   2.951576    34.9272    28.0894    10.0011     85.666    -0.0038    95.7723    1491.09   82.90028   -6.25316 0.0000e+00
      64613   2725.410   2679.000    -0.7292   2.951619    34.9272    28.0894    10.0212     85.839    -0.0004    95.7763    1491.11   82.90028   -6.25316 0.0000e+00
      64636   2726.434   2680.000    -0.7293   2.951658    34.9273    28.0895    10.0054     85.704     0.0020    95.7708    1491.12   82.90028   -6.25318 0.0000e+00
      64659   2727.458   2681.000    -0.7293   2.951689    34.9271    28.0894    10.0015     85.670     0.0017    95.7685    1491.14   82.90028   -6.25318 0.0000e+00
      64682   2728.481   2682.000    -0.7292   2.951745    34.9272    28.0895    10.0033     85.686     0.0016    95.7701    1491.16   82.90028   -6.25318 0.0000e+00
      64706   2729.505   2683.000    -0.7292   2.951783    34.9272    28.0894    10.0045     85.696     0.0020    95.7699    1491.18   82.90028   -6.25318 0.0000e+00
      64729   2730.529   2684.000    -0.7291   2.951830    34.9272    28.0894    10.0030     85.684     0.0022    95.7723    1491.19   82.90028   -6.25318 0.0000e+00
      64752   2731.553   2685.000    -0.7291   2.951875    34.9272    28.0895    10.0191     85.821     0.0019    95.7782    1491.21   82.90028   -6.25318 0.0000e+00
      64775   2732.576   2686.000    -0.7291   2.951910    34.9272    28.0894    10.0073     85.721     0.0019    95.7693    1491.23   82.90028   -6.25318 0.0000e+00
      64799   2733.601   2687.000    -0.7291   2.951964    34.9274    28.0896    10.0109     85.751     0.0008    95.7742    1491.25   82.90028   -6.25318 0.0000e+00
      64822   2734.624   2688.000    -0.7291   2.952001    34.9273    28.0896    10.0048     85.699     0.0020    95.7701    1491.26   82.90028   -6.25319 0.0000e+00
      64845   2735.648   2689.000    -0.7289   2.952040    34.9272    28.0895    10.0150     85.786     0.0023    95.7664    1491.28   82.90028   -6.25320 0.0000e+00
      64868   2736.672   2690.000    -0.7289   2.952091    34.9273    28.0895     9.9955     85.619     0.0052    95.7692    1491.30   82.90028   -6.25320 0.0000e+00
      64892   2737.696   2691.000    -0.7288   2.952132    34.9273    28.0895     9.9871     85.548     0.0069    95.7684    1491.32   82.90028   -6.25320 0.0000e+00
      64915   2738.720   2692.000    -0.7288   2.952180    34.9273    28.0896     9.9965     85.629     0.0020    95.7701    1491.34   82.90028   -6.25320 0.0000e+00
      64938   2739.743   2693.000    -0.7288   2.952216    34.9273    28.0896    10.0260     85.881     0.0020    95.7735    1491.35   82.90028   -6.25320 0.0000e+00
      64961   2740.767   2694.000    -0.7288   2.952254    34.9273    28.0896    10.0151     85.788     0.0017    95.7781    1491.37   82.90028   -6.25320 0.0000e+00
      64985   2741.791   2695.000    -0.7289   2.952292    34.9274    28.0896     9.9916     85.587     0.0023    95.7710    1491.39   82.90028   -6.25320 0.0000e+00
      65008   2742.815   2696.000    -0.7289   2.952336    34.9274    28.0896    10.0022     85.678     0.0016    95.7726    1491.41   82.90028   -6.25320 0.0000e+00
      65031   2743.839   2697.000    -0.7288   2.952381    34.9274    28.0896     9.9898     85.571     0.0065    95.7722    1491.42   82.90028   -6.25321 0.0000e+00
      65054   2744.863   2698.000    -0.7287   2.952431    34.9274    28.0897     9.9919     85.590     0.0048    95.7677    1491.44   82.90028   -6.25322 0.0000e+00
      65078   2745.887   2699.000    -0.7287   2.952471    34.9274    28.0897    10.0263     85.884     0.0020    95.7803    1491.46   82.90028   -6.25322 0.0000e+00
      65101   2746.911   2700.000    -0.7286   2.952512    34.9274    28.0896    10.0056     85.707     0.0042    95.7812    1491.48   82.90028   -6.25322 0.0000e+00
      65124   2747.935   2701.000    -0.7286   2.952551    34.9273    28.0896    10.0280     85.899     0.0083    95.7768    1491.49   82.90028   -6.25322 0.0000e+00
      65147   2748.958   2702.000    -0.7285   2.952606    34.9275    28.0897    10.0184     85.817     0.0016    95.7708    1491.51   82.90028   -6.25322 0.0000e+00
      65171   2749.982   2703.000    -0.7285   2.952643    34.9275    28.0897     9.9978     85.640     0.0020    95.7807    1491.53   82.90028   -6.25322 0.0000e+00
