Sta0262.cnv
* Sea-Bird SBE 9 Data File:
* FileName = C:\Seabird\CTDDATA\Sta0262.hex
* Software Version Seasave V 7.26.7.107
* Temperature SN = 03-4535
* Conductivity SN = 2860
* Number of Bytes Per Scan = 44
* Number of Voltage Words = 5
* Number of Scans Averaged by the Deck Unit = 1
* NMEA Latitude = 82 53.96 N
* NMEA Longitude = 006 16.74 W
* NMEA UTC (Time) = Sep 30 2019 14:13:00
* NMEA baud rate = 9600
** Ship: "Kronprins Haakon"
** Station: 262
** Echodepth: 3800
** Log: 7972.744
** Wind-Dir Force(m/s): 18 10
** Air-temp (dry): -7.9
** Weather Sky: 1 2
** Sea Ice: 0 4
# nquan = 15
# nvalues = 4012                        
# units = specified
# name 0 = scan: Scan Count
# name 1 = prDM: Pressure, Digiquartz [db]
# name 2 = depSM: Depth [salt water, m]
# name 3 = t068C: Temperature [IPTS-68, deg C]
# name 4 = c0S/m: Conductivity [S/m]
# name 5 = sal00: Salinity, Practical [PSU]
# name 6 = sigma-é00: Density [sigma-theta, kg/m^3]
# name 7 = sbeox0Mg/L: Oxygen, SBE 43 [mg/l]
# name 8 = sbeox0PS: Oxygen, SBE 43 [% saturation]
# name 9 = flECO-AFL: Fluorescence, WET Labs ECO-AFL/FL [mg/m^3]
# name 10 = CStarTr0: Beam Transmission, WET Labs C-Star [%]
# name 11 = svCM: Sound Velocity [Chen-Millero, m/s]
# name 12 = latitude: Latitude [deg]
# name 13 = longitude: Longitude [deg]
# name 14 = flag: flag
# span 0 =        859,     146672       
# span 1 =      6.065,   4099.462       
# span 2 =      6.000,   4017.000       
# span 3 =    -1.7295,     1.2897       
# span 4 =   2.512472,   3.020642       
# span 5 =    31.6060,    34.9308       
# span 6 =    25.4204,    28.0929       
# span 7 =     9.8570,    13.6657       
# span 8 =     84.653,    111.343       
# span 9 =    -0.0138,     0.2071       
# span 10 =    94.6004,    97.0194      
# span 11 =    1436.52,    1515.32      
# span 12 =   82.89942,   82.90732      
# span 13 =   -6.27884,   -6.25064      
# span 14 = 0.0000e+00, 0.0000e+00      
# interval = meters: 1                  
# start_time = Sep 30 2019 14:13:00 [System UTC, first data scan.]
# bad_flag = -9.990e-29
*END*
[from data line 1254]
      53301   1277.484   1260.000    -0.4227   2.917649    34.9089    28.0569    10.4068     89.853     0.0014    96.9492    1468.07   82.90202   -6.26740 0.0000e+00
      53335   1278.501   1261.000    -0.4231   2.917668    34.9091    28.0571    10.4001     89.794     0.0060    96.9497    1468.09   82.90202   -6.26740 0.0000e+00
      53368   1279.518   1262.000    -0.4235   2.917676    34.9091    28.0571    10.3971     89.768     0.0003    96.9490    1468.10   82.90203   -6.26739 0.0000e+00
      53401   1280.535   1263.000    -0.4236   2.917718    34.9091    28.0571    10.3841     89.656     0.0000    96.9482    1468.12   82.90204   -6.26738 0.0000e+00
      53435   1281.552   1264.000    -0.4242   2.917704    34.9090    28.0571    10.3879     89.687    -0.0001    96.9485    1468.13   82.90204   -6.26738 0.0000e+00
      53468   1282.569   1265.000    -0.4247   2.917702    34.9091    28.0572    10.3853     89.663     0.0044    96.9506    1468.15   82.90204   -6.26737 0.0000e+00
      53502   1283.586   1266.000    -0.4250   2.917725    34.9091    28.0572    10.4008     89.796     0.0034    96.9490    1468.17   82.90204   -6.26736 0.0000e+00
      53535   1284.603   1267.000    -0.4252   2.917751    34.9090    28.0572    10.4027     89.813     0.0071    96.9450    1468.18   82.90204   -6.26736 0.0000e+00
      53568   1285.620   1268.000    -0.4255   2.917765    34.9090    28.0572    10.4025     89.809     0.0004    96.9487    1468.20   82.90204   -6.26735 0.0000e+00
      53602   1286.637   1269.000    -0.4257   2.917791    34.9091    28.0572    10.3961     89.754     0.0009    96.9601    1468.21   82.90204   -6.26734 0.0000e+00
      53635   1287.654   1270.000    -0.4263   2.917790    34.9091    28.0573    10.3922     89.719     0.0005    96.9498    1468.23   82.90204   -6.26734 0.0000e+00
      53669   1288.671   1271.000    -0.4267   2.917796    34.9091    28.0573    10.3922     89.718     0.0003    96.9467    1468.24   82.90204   -6.26732 0.0000e+00
      53702   1289.688   1272.000    -0.4267   2.917850    34.9092    28.0574    10.3891     89.691     0.0008    96.9532    1468.26   82.90204   -6.26732 0.0000e+00
      53736   1290.706   1273.000    -0.4280   2.917778    34.9092    28.0575    10.3899     89.695     0.0014    96.9492    1468.27   82.90204   -6.26731 0.0000e+00
      53769   1291.722   1274.000    -0.4288   2.917766    34.9093    28.0576    10.3725     89.543     0.0069    96.9505    1468.28   82.90204   -6.26730 0.0000e+00
      53802   1292.740   1275.000    -0.4293   2.917758    34.9092    28.0575    10.3916     89.707    -0.0012    96.9497    1468.30   82.90204   -6.26730 0.0000e+00
      53836   1293.756   1276.000    -0.4306   2.917704    34.9093    28.0577    10.3774     89.581     0.0052    96.9513    1468.31   82.90206   -6.26728 0.0000e+00
      53869   1294.773   1277.000    -0.4310   2.917711    34.9094    28.0577    10.3773     89.580     0.0027    96.9568    1468.32   82.90206   -6.26728 0.0000e+00
      53903   1295.791   1278.000    -0.4313   2.917731    34.9094    28.0578    10.3860     89.654     0.0073    96.9497    1468.34   82.90206   -6.26728 0.0000e+00
      53936   1296.808   1279.000    -0.4313   2.917777    34.9094    28.0578    10.3766     89.573     0.0002    96.9490    1468.36   82.90206   -6.26726 0.0000e+00
      53970   1297.825   1280.000    -0.4312   2.917828    34.9094    28.0578    10.3858     89.653    -0.0001    96.9498    1468.37   82.90206   -6.26726 0.0000e+00
      54003   1298.842   1281.000    -0.4313   2.917864    34.9094    28.0578    10.3884     89.675     0.0014    96.9513    1468.39   82.90206   -6.26726 0.0000e+00
      54036   1299.859   1282.000    -0.4315   2.917903    34.9096    28.0579    10.3821     89.620     0.0010    96.9499    1468.41   82.90206   -6.26725 0.0000e+00
      54070   1300.876   1283.000    -0.4320   2.917893    34.9095    28.0579    10.3913     89.698     0.0009    96.9566    1468.42   82.90206   -6.26724 0.0000e+00
      54103   1301.893   1284.000    -0.4335   2.917816    34.9096    28.0580    10.3742     89.547     0.0071    96.9544    1468.43   82.90206   -6.26724 0.0000e+00
      54137   1302.910   1285.000    -0.4340   2.917821    34.9096    28.0581    10.3803     89.599     0.0024    96.9490    1468.45   82.90206   -6.26723 0.0000e+00
      54170   1303.927   1286.000    -0.4342   2.917837    34.9095    28.0581    10.3750     89.552     0.0047    96.9513    1468.46   82.90206   -6.26722 0.0000e+00
      54204   1304.944   1287.000    -0.4353   2.917796    34.9096    28.0582    10.3904     89.682     0.0040    96.9490    1468.47   82.90206   -6.26722 0.0000e+00
      54237   1305.961   1288.000    -0.4367   2.917729    34.9097    28.0583    10.3772     89.565     0.0076    96.9558    1468.48   82.90206   -6.26721 0.0000e+00
      54270   1306.978   1289.000    -0.4369   2.917739    34.9096    28.0582    10.3745     89.541     0.0027    96.9595    1468.50   82.90208   -6.26720 0.0000e+00
      54304   1307.995   1290.000    -0.4376   2.917738    34.9097    28.0584    10.3792     89.581     0.0062    96.9494    1468.51   82.90208   -6.26720 0.0000e+00
      54337   1309.013   1291.000    -0.4378   2.917754    34.9096    28.0583    10.3800     89.587     0.0070    96.9550    1468.53   82.90208 -9.990e-29 0.0000e+00
      54371   1310.029   1292.000    -0.4380   2.917784    34.9096    28.0583    10.3898     89.671     0.0029    96.9538    1468.55   82.90208 -9.990e-29 0.0000e+00
      54404   1311.047   1293.000    -0.4384   2.917799    34.9097    28.0584    10.3854     89.632     0.0010    96.9500    1468.56   82.90208   -6.26718 0.0000e+00
      54437   1312.064   1294.000    -0.4395   2.917739    34.9096    28.0584    10.3788     89.573     0.0059    96.9504    1468.57   82.90208   -6.26716 0.0000e+00
      54471   1313.081   1295.000    -0.4400   2.917757    34.9098    28.0586    10.3803     89.585     0.0032    96.9498    1468.59   82.90208   -6.26716 0.0000e+00
      54504   1314.098   1296.000    -0.4402   2.917775    34.9097    28.0585    10.3792     89.574     0.0077    96.9498    1468.60   82.90208   -6.26716 0.0000e+00
      54538   1315.115   1297.000    -0.4402   2.917821    34.9097    28.0585    10.3829     89.607     0.0048    96.9521    1468.62   82.90208   -6.26714 0.0000e+00
      54571   1316.133   1298.000    -0.4407   2.917821    34.9097    28.0585    10.3816     89.594     0.0097    96.9553    1468.63   82.90210   -6.26714 0.0000e+00
      54605   1317.149   1299.000    -0.4413   2.917818    34.9098    28.0586    10.3784     89.565     0.0018    96.9483    1468.65   82.90210   -6.26712 0.0000e+00
      54638   1318.167   1300.000    -0.4415   2.917843    34.9098    28.0586    10.3752     89.537    -0.0002    96.9549    1468.66   82.90210   -6.26712 0.0000e+00
      54671   1319.184   1301.000    -0.4424   2.917818    34.9099    28.0587    10.3860     89.628     0.0050    96.9531    1468.68   82.90210   -6.26712 0.0000e+00
      54705   1320.201   1302.000    -0.4431   2.917793    34.9098    28.0587    10.3802     89.576     0.0034    96.9638    1468.69   82.90210   -6.26711 0.0000e+00
      54738   1321.218   1303.000    -0.4434   2.917815    34.9099    28.0588    10.3727     89.511     0.0077    96.9582    1468.71   82.90210 -9.990e-29 0.0000e+00
      54772   1322.235   1304.000    -0.4437   2.917824    34.9097    28.0587    10.3743     89.524     0.0010    96.9473    1468.72   82.90210 -9.990e-29 0.0000e+00
      54805   1323.253   1305.000    -0.4438   2.917868    34.9098    28.0588    10.3771     89.548     0.0006    96.9563    1468.74   82.90210   -6.26708 0.0000e+00
      54839   1324.270   1306.000    -0.4445   2.917846    34.9098    28.0588    10.3741     89.521     0.0013    96.9624    1468.75   82.90210   -6.26708 0.0000e+00
      54872   1325.287   1307.000    -0.4450   2.917852    34.9098    28.0588    10.3646     89.438     0.0009    96.9508    1468.77   82.90210   -6.26708 0.0000e+00
      54905   1326.304   1308.000    -0.4453   2.917875    34.9100    28.0590    10.3693     89.477     0.0012    96.9543    1468.78   82.90210   -6.26706 0.0000e+00
      54939   1327.321   1309.000    -0.4459   2.917868    34.9099    28.0589    10.3727     89.505     0.0015    96.9591    1468.80   82.90210   -6.26706 0.0000e+00
      54972   1328.339   1310.000    -0.4464   2.917867    34.9099    28.0590    10.3606     89.399     0.0025    96.9481    1468.81   82.90211   -6.26705 0.0000e+00
      55006   1329.356   1311.000    -0.4473   2.917847    34.9101    28.0592    10.3514     89.318     0.0104    96.9551    1468.83   82.90212   -6.26704 0.0000e+00
      55039   1330.373   1312.000    -0.4481   2.917819    34.9101    28.0592    10.3660     89.442     0.0056    96.9527    1468.84   82.90212   -6.26704 0.0000e+00
      55073   1331.390   1313.000    -0.4490   2.917792    34.9101    28.0593    10.3765     89.531     0.0095    96.9483    1468.85   82.90212   -6.26703 0.0000e+00
      55106   1332.407   1314.000    -0.4491   2.917830    34.9101    28.0593    10.3825     89.582     0.0077    96.9482    1468.87   82.90212   -6.26702 0.0000e+00
      55139   1333.425   1315.000    -0.4492   2.917869    34.9102    28.0593    10.3798     89.558     0.0050    96.9482    1468.88   82.90212   -6.26702 0.0000e+00
      55173   1334.442   1316.000    -0.4492   2.917907    34.9101    28.0593    10.3607     89.394     0.0042    96.9482    1468.90   82.90212   -6.26701 0.0000e+00
      55206   1335.459   1317.000    -0.4493   2.917934    34.9101    28.0593    10.3627     89.410     0.0020    96.9549    1468.92   82.90212   -6.26700 0.0000e+00
      55240   1336.476   1318.000    -0.4494   2.917979    34.9103    28.0594    10.3628     89.412     0.0063    96.9576    1468.93   82.90212   -6.26700 0.0000e+00
      55273   1337.494   1319.000    -0.4503   2.917955    34.9103    28.0595    10.3523     89.319     0.0049    96.9563    1468.95   82.90213   -6.26699 0.0000e+00
      55307   1338.511   1320.000    -0.4507   2.917960    34.9102    28.0595    10.3635     89.414     0.0032    96.9555    1468.96   82.90214   -6.26698 0.0000e+00
      55340   1339.528   1321.000    -0.4509   2.917990    34.9104    28.0596    10.3645     89.422    -0.0004    96.9466    1468.98   82.90214   -6.26698 0.0000e+00
      55373   1340.545   1322.000    -0.4512   2.918010    34.9104    28.0596    10.3680     89.452     0.0013    96.9504    1468.99   82.90214   -6.26696 0.0000e+00
      55407   1341.563   1323.000    -0.4519   2.917995    34.9104    28.0596    10.3701     89.469     0.0051    96.9507    1469.01   82.90214   -6.26696 0.0000e+00
      55440   1342.580   1324.000    -0.4528   2.917959    34.9103    28.0596    10.3720     89.483     0.0138    96.9579    1469.02   82.90214   -6.26696 0.0000e+00
      55474   1343.597   1325.000    -0.4532   2.917972    34.9104    28.0597    10.3628     89.403     0.0001    96.9547    1469.03   82.90214   -6.26694 0.0000e+00
      55507   1344.614   1326.000    -0.4536   2.917987    34.9105    28.0598    10.3743     89.501     0.0047    96.9485    1469.05   82.90214   -6.26694 0.0000e+00
      55540   1345.632   1327.000    -0.4542   2.917983    34.9105    28.0598    10.3590     89.368     0.0042    96.9661    1469.06   82.90214   -6.26694 0.0000e+00
      55574   1346.649   1328.000    -0.4548   2.917965    34.9104    28.0598    10.3702     89.463    -0.0002    96.9569    1469.08   82.90214   -6.26692 0.0000e+00
      55607   1347.666   1329.000    -0.4554   2.917973    34.9106    28.0600    10.3634     89.403     0.0033    96.9478    1469.09   82.90214   -6.26692 0.0000e+00
      55641   1348.684   1330.000    -0.4559   2.917971    34.9106    28.0601    10.3515     89.299     0.0055    96.9633    1469.11   82.90214   -6.26692 0.0000e+00
      55674   1349.701   1331.000    -0.4564   2.917972    34.9106    28.0600    10.3534     89.314     0.0074    96.9518    1469.12   82.90214   -6.26690 0.0000e+00
      55707   1350.718   1332.000    -0.4564   2.918010    34.9105    28.0600    10.3591     89.364     0.0008    96.9522    1469.14   82.90214   -6.26690 0.0000e+00
      55741   1351.736   1333.000    -0.4567   2.918029    34.9105    28.0600    10.3495     89.280     0.0005    96.9506    1469.16   82.90216   -6.26689 0.0000e+00
      55774   1352.753   1334.000    -0.4570   2.918047    34.9106    28.0601    10.3468     89.255     0.0064    96.9543    1469.17   82.90216   -6.26688 0.0000e+00
      55808   1353.770   1335.000    -0.4575   2.918056    34.9107    28.0602    10.3560     89.334     0.0009    96.9536    1469.19   82.90216   -6.26688 0.0000e+00
      55841   1354.787   1336.000    -0.4576   2.918093    34.9106    28.0601    10.3535     89.312     0.0035    96.9602    1469.20   82.90216   -6.26687 0.0000e+00
      55875   1355.805   1337.000    -0.4578   2.918112    34.9106    28.0601    10.3543     89.319     0.0094    96.9552    1469.22   82.90216   -6.26686 0.0000e+00
      55908   1356.822   1338.000    -0.4582   2.918130    34.9107    28.0603    10.3607     89.373     0.0096    96.9490    1469.23   82.90216   -6.26686 0.0000e+00
      55941   1357.839   1339.000    -0.4585   2.918160    34.9108    28.0603    10.3633     89.395     0.0078    96.9556    1469.25   82.90216   -6.26685 0.0000e+00
      55975   1358.857   1340.000    -0.4587   2.918177    34.9107    28.0603    10.3618     89.382     0.0010    96.9527    1469.26   82.90216   -6.26684 0.0000e+00
      56008   1359.874   1341.000    -0.4588   2.918209    34.9108    28.0603    10.3461     89.246     0.0063    96.9510    1469.28   82.90216   -6.26684 0.0000e+00
      56042   1360.892   1342.000    -0.4590   2.918239    34.9108    28.0604    10.3396     89.189     0.0092    96.9548    1469.30   82.90216   -6.26682 0.0000e+00
      56075   1361.909   1343.000    -0.4596   2.918242    34.9109    28.0604    10.3506     89.283     0.0003    96.9656    1469.31   82.90216   -6.26682 0.0000e+00
      56108   1362.926   1344.000    -0.4603   2.918241    34.9111    28.0606    10.3534     89.305     0.0051    96.9482    1469.33   82.90216   -6.26682 0.0000e+00
      56142   1363.944   1345.000    -0.4605   2.918259    34.9110    28.0606    10.3345     89.142     0.0039    96.9523    1469.34   82.90216   -6.26680 0.0000e+00
      56175   1364.961   1346.000    -0.4606   2.918291    34.9111    28.0606    10.3565     89.331     0.0020    96.9542    1469.36   82.90218   -6.26680 0.0000e+00
      56209   1365.978   1347.000    -0.4605   2.918339    34.9110    28.0606    10.3561     89.328     0.0096    96.9545    1469.38   82.90218   -6.26680 0.0000e+00
      56242   1366.996   1348.000    -0.4611   2.918350    34.9112    28.0608    10.3579     89.342     0.0096    96.9507    1469.39   82.90218   -6.26678 0.0000e+00
      56275   1368.013   1349.000    -0.4618   2.918331    34.9111    28.0608    10.3449     89.229     0.0096    96.9553    1469.40   82.90218   -6.26678 0.0000e+00
      56309   1369.030   1350.000    -0.4618   2.918379    34.9112    28.0608    10.3704     89.448     0.0075    96.9704    1469.42   82.90218   -6.26678 0.0000e+00
      56342   1370.048   1351.000    -0.4618   2.918414    34.9111    28.0608    10.3630     89.384     0.0006    96.9594    1469.44   82.90218   -6.26676 0.0000e+00
      56376   1371.065   1352.000    -0.4626   2.918395    34.9112    28.0609    10.3624     89.377     0.0069    96.9651    1469.45   82.90218   -6.26676 0.0000e+00
      56409   1372.083   1353.000    -0.4635   2.918376    34.9113    28.0610    10.3564     89.324     0.0091    96.9428    1469.46   82.90218   -6.26676 0.0000e+00
      56442   1373.100   1354.000    -0.4638   2.918384    34.9113    28.0610    10.3410     89.191     0.0034    96.9573    1469.48   82.90219   -6.26674 0.0000e+00
