Sta0263.cnv
* Sea-Bird SBE 9 Data File:
* FileName = C:\Seabird\CTDDATA\Sta0263.hex
* Software Version Seasave V 7.26.7.107
* Temperature SN = 03-4535
* Conductivity SN = 2860
* Number of Bytes Per Scan = 44
* Number of Voltage Words = 5
* Number of Scans Averaged by the Deck Unit = 1
* NMEA Latitude = 82 53.54 N
* NMEA Longitude = 006 14.32 W
* NMEA UTC (Time) = Oct 01 2019 09:00:18
* NMEA baud rate = 9600
** Ship: "Kronprins Haakon"
** Station: 263
** Echodepth: 3900
** Log: 7990.487
** Wind-Dir Force(m/s): 20 09
** Air-temp (dry): -3.8
** Weather Sky: 2 6
** Sea Ice: 0 5
# nquan = 15
# nvalues = 4056                        
# units = specified
# name 0 = scan: Scan Count
# name 1 = prDM: Pressure, Digiquartz [db]
# name 2 = depSM: Depth [salt water, m]
# name 3 = t068C: Temperature [IPTS-68, deg C]
# name 4 = c0S/m: Conductivity [S/m]
# name 5 = sal00: Salinity, Practical [PSU]
# name 6 = sigma-é00: Density [sigma-theta, kg/m^3]
# name 7 = sbeox0Mg/L: Oxygen, SBE 43 [mg/l]
# name 8 = sbeox0PS: Oxygen, SBE 43 [% saturation]
# name 9 = flECO-AFL: Fluorescence, WET Labs ECO-AFL/FL [mg/m^3]
# name 10 = CStarTr0: Beam Transmission, WET Labs C-Star [%]
# name 11 = svCM: Sound Velocity [Chen-Millero, m/s]
# name 12 = latitude: Latitude [deg]
# name 13 = longitude: Longitude [deg]
# name 14 = flag: flag
# span 0 =        454,     122536       
# span 1 =     15.162,   4154.062       
# span 2 =     15.000,   4070.000       
# span 3 =    -1.7308,     1.3116       
# span 4 =   2.513518,   3.022596       
# span 5 =    31.6151,    34.9311       
# span 6 =    25.4277,    28.0933       
# span 7 =     9.6105,    13.1657       
# span 8 =     82.530,    107.310       
# span 9 =    -0.0071,     0.2261       
# span 10 =    90.7062,    96.9988      
# span 11 =    1436.68,    1516.29      
# span 12 =   82.89246,   82.89338      
# span 13 =   -6.23850,   -6.19366      
# span 14 = 0.0000e+00, 0.0000e+00      
# interval = meters: 1                  
# start_time = Oct 01 2019 09:00:19 [System UTC, first data scan.]
# bad_flag = -9.990e-29
*END*
[from data line 2892]
      68043   2958.956   2907.000    -0.7194   2.961466    34.9288    28.0910     9.7637     83.656     0.0002    96.8443    1495.15   82.89296   -6.21286 0.0000e+00
      68066   2959.981   2908.000    -0.7194   2.961510    34.9288    28.0911     9.7641     83.659     0.0011    96.8446    1495.17   82.89296   -6.21286 0.0000e+00
      68090   2961.006   2909.000    -0.7193   2.961549    34.9288    28.0911     9.7443     83.490     0.0010    96.8446    1495.19   82.89296   -6.21286 0.0000e+00
      68113   2962.031   2910.000    -0.7192   2.961593    34.9287    28.0910     9.7417     83.468     0.0007    96.8435    1495.20   82.89296   -6.21284 0.0000e+00
      68136   2963.055   2911.000    -0.7193   2.961632    34.9288    28.0911     9.7643     83.661    -0.0002    96.8404    1495.22   82.89296   -6.21284 0.0000e+00
      68159   2964.080   2912.000    -0.7193   2.961673    34.9288    28.0911     9.7462     83.506    -0.0006    96.8398    1495.24   82.89296   -6.21283 0.0000e+00
      68183   2965.105   2913.000    -0.7193   2.961715    34.9288    28.0911     9.7554     83.585     0.0005    96.8425    1495.26   82.89296   -6.21282 0.0000e+00
      68206   2966.130   2914.000    -0.7193   2.961758    34.9289    28.0911     9.7586     83.613     0.0004    96.8435    1495.27   82.89296   -6.21281 0.0000e+00
      68229   2967.155   2915.000    -0.7192   2.961806    34.9289    28.0912     9.7506     83.544     0.0017    96.8445    1495.29   82.89296   -6.21280 0.0000e+00
      68252   2968.180   2916.000    -0.7191   2.961846    34.9289    28.0912     9.7514     83.552     0.0095    96.8404    1495.31   82.89296   -6.21280 0.0000e+00
      68276   2969.205   2917.000    -0.7190   2.961887    34.9288    28.0911     9.7654     83.671     0.0093    96.8434    1495.33   82.89296   -6.21279 0.0000e+00
      68299   2970.230   2918.000    -0.7190   2.961929    34.9288    28.0911     9.7486     83.528     0.0017    96.8435    1495.34   82.89296   -6.21278 0.0000e+00
      68322   2971.254   2919.000    -0.7190   2.961979    34.9289    28.0912     9.7495     83.535     0.0068    96.8393    1495.36   82.89296   -6.21277 0.0000e+00
      68345   2972.280   2920.000    -0.7189   2.962023    34.9290    28.0912     9.7566     83.596     0.0050    96.8422    1495.38   82.89296   -6.21276 0.0000e+00
      68369   2973.305   2921.000    -0.7189   2.962057    34.9289    28.0912     9.7497     83.537     0.0000    96.8435    1495.40   82.89296   -6.21275 0.0000e+00
      68392   2974.330   2922.000    -0.7188   2.962105    34.9289    28.0912     9.7536     83.571     0.0009    96.8446    1495.42   82.89296   -6.21274 0.0000e+00
      68415   2975.354   2923.000    -0.7188   2.962149    34.9289    28.0912     9.7641     83.661     0.0014    96.8446    1495.43   82.89296   -6.21274 0.0000e+00
      68439   2976.379   2924.000    -0.7188   2.962192    34.9290    28.0913     9.7304     83.372     0.0013    96.8446    1495.45   82.89296   -6.21273 0.0000e+00
      68462   2977.404   2925.000    -0.7187   2.962239    34.9290    28.0912     9.7581     83.610    -0.0001    96.8447    1495.47   82.89296   -6.21272 0.0000e+00
      68485   2978.430   2926.000    -0.7186   2.962290    34.9289    28.0913     9.7698     83.711     0.0089    96.8446    1495.49   82.89296   -6.21272 0.0000e+00
      68508   2979.454   2927.000    -0.7185   2.962333    34.9290    28.0913     9.7414     83.467     0.0027    96.8445    1495.51   82.89296   -6.21270 0.0000e+00
      68532   2980.479   2928.000    -0.7184   2.962375    34.9289    28.0912     9.7461     83.507     0.0001    96.8445    1495.52   82.89296   -6.21270 0.0000e+00
      68555   2981.504   2929.000    -0.7183   2.962423    34.9289    28.0912     9.7716     83.726     0.0060    96.8446    1495.54   82.89296   -6.21268 0.0000e+00
      68578   2982.529   2930.000    -0.7182   2.962469    34.9289    28.0912     9.7402     83.458     0.0054    96.8445    1495.56   82.89296   -6.21268 0.0000e+00
      68601   2983.554   2931.000    -0.7181   2.962516    34.9289    28.0912     9.7503     83.544    -0.0008    96.8444    1495.58   82.89296   -6.21268 0.0000e+00
      68625   2984.579   2932.000    -0.7181   2.962556    34.9289    28.0912     9.7666     83.684    -0.0005    96.8445    1495.60   82.89296   -6.21266 0.0000e+00
      68648   2985.605   2933.000    -0.7180   2.962608    34.9289    28.0912     9.7422     83.476     0.0013    96.8446    1495.61   82.89296   -6.21266 0.0000e+00
      68671   2986.629   2934.000    -0.7178   2.962652    34.9289    28.0912     9.7359     83.421     0.0093    96.8446    1495.63   82.89296   -6.21264 0.0000e+00
      68694   2987.654   2935.000    -0.7178   2.962694    34.9288    28.0912     9.7563     83.596     0.0096    96.8445    1495.65   82.89296   -6.21264 0.0000e+00
      68718   2988.679   2936.000    -0.7177   2.962747    34.9290    28.0912     9.7606     83.633     0.0018    96.8435    1495.67   82.89296   -6.21262 0.0000e+00
      68741   2989.704   2937.000    -0.7177   2.962784    34.9289    28.0912     9.7524     83.563    -0.0002    96.8435    1495.69   82.89296   -6.21262 0.0000e+00
      68764   2990.729   2938.000    -0.7176   2.962829    34.9289    28.0912     9.7455     83.504     0.0007    96.8420    1495.70   82.89296   -6.21260 0.0000e+00
      68787   2991.754   2939.000    -0.7175   2.962879    34.9290    28.0912     9.7451     83.501    -0.0015    96.8396    1495.72   82.89296   -6.21260 0.0000e+00
      68811   2992.779   2940.000    -0.7175   2.962924    34.9290    28.0913     9.7471     83.518    -0.0010    96.8412    1495.74   82.89296   -6.21260 0.0000e+00
      68834   2993.804   2941.000    -0.7175   2.962964    34.9290    28.0913     9.7506     83.548     0.0008    96.8435    1495.76   82.89296   -6.21258 0.0000e+00
      68857   2994.829   2942.000    -0.7174   2.963003    34.9289    28.0913     9.7567     83.601    -0.0003    96.8434    1495.78   82.89296   -6.21258 0.0000e+00
      68880   2995.854   2943.000    -0.7174   2.963052    34.9291    28.0913     9.7443     83.495     0.0010    96.8435    1495.79   82.89296   -6.21257 0.0000e+00
      68904   2996.879   2944.000    -0.7173   2.963091    34.9290    28.0913     9.7402     83.460     0.0002    96.8446    1495.81   82.89296   -6.21256 0.0000e+00
      68927   2997.904   2945.000    -0.7173   2.963130    34.9290    28.0913     9.7303     83.374    -0.0009    96.8435    1495.83   82.89296   -6.21255 0.0000e+00
      68950   2998.929   2946.000    -0.7173   2.963175    34.9290    28.0914     9.7504     83.547    -0.0021    96.8435    1495.85   82.89296   -6.21254 0.0000e+00
      68973   2999.954   2947.000    -0.7172   2.963216    34.9290    28.0913     9.7601     83.630     0.0000    96.8424    1495.87   82.89296   -6.21253 0.0000e+00
      68997   3000.980   2948.000    -0.7171   2.963259    34.9290    28.0913     9.7452     83.502     0.0039    96.8327    1495.88   82.89296   -6.21252 0.0000e+00
      69020   3002.005   2949.000    -0.7171   2.963305    34.9290    28.0913     9.7553     83.589     0.0096    96.8422    1495.90   82.89296   -6.21252 0.0000e+00
      69043   3003.029   2950.000    -0.7170   2.963351    34.9290    28.0913     9.7647     83.670     0.0077    96.8443    1495.92   82.89296   -6.21251 0.0000e+00
      69066   3004.055   2951.000    -0.7170   2.963395    34.9290    28.0913     9.7423     83.478    -0.0001    96.8428    1495.94   82.89296   -6.21250 0.0000e+00
      69090   3005.080   2952.000    -0.7169   2.963437    34.9290    28.0913     9.7512     83.555    -0.0004    96.8382    1495.95   82.89296   -6.21249 0.0000e+00
      69113   3006.105   2953.000    -0.7168   2.963485    34.9291    28.0914     9.7647     83.670     0.0085    96.8403    1495.97   82.89296   -6.21248 0.0000e+00
      69136   3007.130   2954.000    -0.7168   2.963529    34.9292    28.0914     9.7717     83.730     0.0093    96.8435    1495.99   82.89296   -6.21247 0.0000e+00
      69159   3008.155   2955.000    -0.7168   2.963569    34.9291    28.0914     9.7383     83.444     0.0023    96.8428    1496.01   82.89296   -6.21246 0.0000e+00
      69183   3009.180   2956.000    -0.7167   2.963615    34.9291    28.0914     9.7195     83.284    -0.0007    96.8435    1496.03   82.89296   -6.21246 0.0000e+00
      69206   3010.205   2957.000    -0.7167   2.963653    34.9291    28.0914     9.7527     83.568    -0.0010    96.8431    1496.04   82.89296   -6.21245 0.0000e+00
      69229   3011.231   2958.000    -0.7167   2.963694    34.9291    28.0914     9.7466     83.516    -0.0005    96.8393    1496.06   82.89296   -6.21244 0.0000e+00
      69253   3012.255   2959.000    -0.7166   2.963736    34.9291    28.0914     9.7713     83.728    -0.0004    96.8411    1496.08   82.89296   -6.21244 0.0000e+00
      69276   3013.281   2960.000    -0.7166   2.963779    34.9291    28.0914     9.7482     83.529    -0.0004    96.8436    1496.10   82.89296   -6.21242 0.0000e+00
      69299   3014.306   2961.000    -0.7165   2.963822    34.9291    28.0914     9.7459     83.510    -0.0006    96.8427    1496.11   82.89296   -6.21242 0.0000e+00
      69322   3015.331   2962.000    -0.7164   2.963875    34.9292    28.0915     9.7566     83.602    -0.0007    96.8413    1496.13   82.89296   -6.21240 0.0000e+00
      69346   3016.356   2963.000    -0.7164   2.963914    34.9292    28.0915     9.7419     83.476    -0.0005    96.8354    1496.15   82.89296   -6.21240 0.0000e+00
      69369   3017.381   2964.000    -0.7163   2.963960    34.9292    28.0915     9.7416     83.474     0.0060    96.8387    1496.17   82.89296   -6.21238 0.0000e+00
      69392   3018.406   2965.000    -0.7163   2.964006    34.9292    28.0915     9.7461     83.512     0.0023    96.8336    1496.19   82.89296   -6.21238 0.0000e+00
      69415   3019.431   2966.000    -0.7162   2.964044    34.9292    28.0915     9.7655     83.679    -0.0007    96.8253    1496.20   82.89296   -6.21238 0.0000e+00
      69439   3020.457   2967.000    -0.7162   2.964088    34.9292    28.0915     9.7707     83.724    -0.0012    96.8366    1496.22   82.89296   -6.21236 0.0000e+00
      69462   3021.482   2968.000    -0.7161   2.964136    34.9292    28.0915     9.7497     83.544    -0.0002    96.8354    1496.24   82.89296   -6.21236 0.0000e+00
      69485   3022.507   2969.000    -0.7161   2.964178    34.9292    28.0915     9.7502     83.548     0.0086    96.8340    1496.26   82.89296   -6.21234 0.0000e+00
      69509   3023.532   2970.000    -0.7159   2.964231    34.9293    28.0915     9.7406     83.466    -0.0013    96.8284    1496.28   82.89296   -6.21234 0.0000e+00
      69532   3024.557   2971.000    -0.7159   2.964270    34.9292    28.0915     9.7430     83.487     0.0009    96.8267    1496.29   82.89296   -6.21232 0.0000e+00
      69555   3025.582   2972.000    -0.7157   2.964316    34.9291    28.0914     9.7535     83.577     0.0001    96.8302    1496.31   82.89296   -6.21232 0.0000e+00
      69578   3026.608   2973.000    -0.7157   2.964363    34.9293    28.0916     9.7543     83.584     0.0005    96.8235    1496.33   82.89296   -6.21232 0.0000e+00
      69602   3027.633   2974.000    -0.7157   2.964407    34.9293    28.0916     9.7434     83.491    -0.0008    96.8188    1496.35   82.89296   -6.21230 0.0000e+00
      69625   3028.658   2975.000    -0.7156   2.964455    34.9293    28.0916     9.7470     83.521     0.0003    96.8330    1496.36   82.89296   -6.21230 0.0000e+00
      69648   3029.683   2976.000    -0.7155   2.964497    34.9292    28.0915     9.7305     83.381    -0.0022    96.8314    1496.38   82.89296   -6.21229 0.0000e+00
      69671   3030.708   2977.000    -0.7155   2.964539    34.9292    28.0915     9.7074     83.182    -0.0060    96.8209    1496.40   82.89296   -6.21228 0.0000e+00
      69695   3031.734   2978.000    -0.7153   2.964585    34.9292    28.0915     9.7589     83.624    -0.0010    96.8225    1496.42   82.89296   -6.21227 0.0000e+00
      69718   3032.759   2979.000    -0.7153   2.964630    34.9292    28.0915     9.7522     83.567    -0.0019    96.8315    1496.44   82.89296   -6.21226 0.0000e+00
      69741   3033.784   2980.000    -0.7152   2.964677    34.9293    28.0915     9.7599     83.633     0.0087    96.8243    1496.45   82.89296   -6.21225 0.0000e+00
      69765   3034.809   2981.000    -0.7152   2.964718    34.9292    28.0915     9.7522     83.567     0.0007    96.8200    1496.47   82.89296   -6.21224 0.0000e+00
      69788   3035.835   2982.000    -0.7151   2.964768    34.9293    28.0916     9.7530     83.574     0.0069    96.8180    1496.49   82.89296   -6.21224 0.0000e+00
      69811   3036.859   2983.000    -0.7150   2.964817    34.9293    28.0916     9.7460     83.514     0.0026    96.8140    1496.51   82.89296   -6.21223 0.0000e+00
      69834   3037.885   2984.000    -0.7149   2.964864    34.9293    28.0916     9.7435     83.493     0.0044    96.8188    1496.53   82.89296   -6.21222 0.0000e+00
      69858   3038.910   2985.000    -0.7148   2.964899    34.9291    28.0915     9.7501     83.550     0.0061    96.8188    1496.54   82.89296   -6.21221 0.0000e+00
      69881   3039.935   2986.000    -0.7147   2.964950    34.9293    28.0916     9.7349     83.420    -0.0010    96.8210    1496.56   82.89296   -6.21220 0.0000e+00
      69904   3040.961   2987.000    -0.7146   2.964999    34.9293    28.0916     9.7538     83.582    -0.0006    96.8199    1496.58   82.89296   -6.21219 0.0000e+00
      69928   3041.986   2988.000    -0.7146   2.965040    34.9293    28.0916     9.7497     83.547    -0.0005    96.8221    1496.60   82.89296   -6.21218 0.0000e+00
      69951   3043.011   2989.000    -0.7145   2.965084    34.9292    28.0915     9.7441     83.500    -0.0023    96.8191    1496.62   82.89296   -6.21218 0.0000e+00
      69974   3044.036   2990.000    -0.7144   2.965126    34.9292    28.0915     9.7630     83.661    -0.0016    96.8185    1496.63   82.89296   -6.21217 0.0000e+00
      69997   3045.062   2991.000    -0.7143   2.965179    34.9293    28.0916     9.7375     83.443    -0.0021    96.8177    1496.65   82.89296   -6.21216 0.0000e+00
      70021   3046.087   2992.000    -0.7143   2.965217    34.9293    28.0916     9.7131     83.234    -0.0013    96.8177    1496.67   82.89296   -6.21216 0.0000e+00
      70044   3047.112   2993.000    -0.7142   2.965257    34.9292    28.0915     9.7400     83.465    -0.0022    96.8177    1496.69   82.89296   -6.21214 0.0000e+00
      70067   3048.137   2994.000    -0.7142   2.965308    34.9293    28.0916     9.7428     83.489    -0.0002    96.8166    1496.71   82.89296   -6.21214 0.0000e+00
      70091   3049.163   2995.000    -0.7141   2.965347    34.9293    28.0916     9.7405     83.469     0.0026    96.8177    1496.72   82.89296   -6.21212 0.0000e+00
      70114   3050.188   2996.000    -0.7140   2.965396    34.9293    28.0916     9.7661     83.689     0.0086    96.8177    1496.74   82.89296   -6.21212 0.0000e+00
      70137   3051.213   2997.000    -0.7140   2.965446    34.9294    28.0916     9.7736     83.753    -0.0001    96.8177    1496.76   82.89296   -6.21212 0.0000e+00
      70160   3052.238   2998.000    -0.7139   2.965492    34.9294    28.0917     9.7344     83.417    -0.0009    96.8177    1496.78   82.89296   -6.21210 0.0000e+00
      70184   3053.264   2999.000    -0.7139   2.965535    34.9294    28.0917     9.7502     83.553     0.0005    96.8188    1496.80   82.89296   -6.21210 0.0000e+00
      70207   3054.289   3000.000    -0.7138   2.965580    34.9294    28.0917     9.7510     83.560     0.0010    96.8117    1496.81   82.89296   -6.21208 0.0000e+00
      70230   3055.314   3001.000    -0.7137   2.965620    34.9294    28.0916     9.7519     83.568     0.0007    96.8102    1496.83   82.89296   -6.21208 0.0000e+00
