Sta0262.cnv
* Sea-Bird SBE 9 Data File:
* FileName = C:\Seabird\CTDDATA\Sta0262.hex
* Software Version Seasave V 7.26.7.107
* Temperature SN = 03-4535
* Conductivity SN = 2860
* Number of Bytes Per Scan = 44
* Number of Voltage Words = 5
* Number of Scans Averaged by the Deck Unit = 1
* NMEA Latitude = 82 53.96 N
* NMEA Longitude = 006 16.74 W
* NMEA UTC (Time) = Sep 30 2019 14:13:00
* NMEA baud rate = 9600
** Ship: "Kronprins Haakon"
** Station: 262
** Echodepth: 3800
** Log: 7972.744
** Wind-Dir Force(m/s): 18 10
** Air-temp (dry): -7.9
** Weather Sky: 1 2
** Sea Ice: 0 4
# nquan = 15
# nvalues = 4012                        
# units = specified
# name 0 = scan: Scan Count
# name 1 = prDM: Pressure, Digiquartz [db]
# name 2 = depSM: Depth [salt water, m]
# name 3 = t068C: Temperature [IPTS-68, deg C]
# name 4 = c0S/m: Conductivity [S/m]
# name 5 = sal00: Salinity, Practical [PSU]
# name 6 = sigma-é00: Density [sigma-theta, kg/m^3]
# name 7 = sbeox0Mg/L: Oxygen, SBE 43 [mg/l]
# name 8 = sbeox0PS: Oxygen, SBE 43 [% saturation]
# name 9 = flECO-AFL: Fluorescence, WET Labs ECO-AFL/FL [mg/m^3]
# name 10 = CStarTr0: Beam Transmission, WET Labs C-Star [%]
# name 11 = svCM: Sound Velocity [Chen-Millero, m/s]
# name 12 = latitude: Latitude [deg]
# name 13 = longitude: Longitude [deg]
# name 14 = flag: flag
# span 0 =        859,     146672       
# span 1 =      6.065,   4099.462       
# span 2 =      6.000,   4017.000       
# span 3 =    -1.7295,     1.2897       
# span 4 =   2.512472,   3.020642       
# span 5 =    31.6060,    34.9308       
# span 6 =    25.4204,    28.0929       
# span 7 =     9.8570,    13.6657       
# span 8 =     84.653,    111.343       
# span 9 =    -0.0138,     0.2071       
# span 10 =    94.6004,    97.0194      
# span 11 =    1436.52,    1515.32      
# span 12 =   82.89942,   82.90732      
# span 13 =   -6.27884,   -6.25064      
# span 14 = 0.0000e+00, 0.0000e+00      
# interval = meters: 1                  
# start_time = Sep 30 2019 14:13:00 [System UTC, first data scan.]
# bad_flag = -9.990e-29
*END*
[from data line 290]
      10839    299.406    296.000     1.1697   3.008477    34.8682    27.9290    10.3450     93.052     0.0021    96.8706    1459.14 -9.990e-29   -6.27660 0.0000e+00
      10873    300.418    297.000     1.1599   3.007636    34.8678    27.9294    10.3501     93.074     0.0079    96.8706    1459.11 -9.990e-29   -6.27660 0.0000e+00
      10906    301.430    298.000     1.1558   3.007303    34.8674    27.9294    10.3364     92.941     0.0025    96.8706    1459.11   82.89990   -6.27658 0.0000e+00
      10940    302.443    299.000     1.1481   3.006665    34.8672    27.9298    10.3402     92.957     0.0055    96.8705    1459.09   82.89990   -6.27658 0.0000e+00
      10973    303.455    300.000     1.1439   3.006323    34.8670    27.9298    10.3266     92.824     0.0049    96.8705    1459.09   82.89990   -6.27658 0.0000e+00
      11007    304.467    301.000     1.1392   3.005934    34.8666    27.9299    10.3406     92.939     0.0080    96.8736    1459.08   82.89990   -6.27656 0.0000e+00
      11040    305.479    302.000     1.1329   3.005404    34.8663    27.9300    10.3420     92.937     0.0043    96.8713    1459.07   82.89990   -6.27656 0.0000e+00
      11074    306.492    303.000     1.1244   3.004690    34.8660    27.9304    10.3524     93.009     0.0056    96.8728    1459.05   82.89990   -6.27654 0.0000e+00
      11107    307.504    304.000     1.1201   3.004348    34.8658    27.9305    10.3520     92.995     0.0076    96.8705    1459.05   82.89990   -6.27654 0.0000e+00
      11141    308.516    305.000     1.1172   3.004122    34.8654    27.9304    10.3539     93.006    -0.0032    96.8728    1459.05   82.89992   -6.27654 0.0000e+00
      11174    309.528    306.000     1.1133   3.003812    34.8652    27.9305    10.3481     92.944     0.0053    96.8713    1459.05   82.89992   -6.27653 0.0000e+00
      11208    310.541    307.000     1.1083   3.003401    34.8650    27.9307    10.3380     92.841     0.0095    96.8730    1459.04   82.89992   -6.27652 0.0000e+00
      11241    311.553    308.000     1.1067   3.003294    34.8648    27.9307    10.3530     92.972     0.0092    96.8698    1459.05   82.89992   -6.27652 0.0000e+00
      11275    312.565    309.000     1.1023   3.002946    34.8646    27.9308    10.3449     92.888     0.0045    96.8710    1459.05   82.89992   -6.27651 0.0000e+00
      11309    313.578    310.000     1.0988   3.002681    34.8646    27.9310    10.3546     92.967     0.0058    96.8697    1459.05   82.89992   -6.27650 0.0000e+00
      11342    314.590    311.000     1.0960   3.002463    34.8643    27.9310    10.3545     92.960     0.0076    96.8705    1459.05   82.89992   -6.27649 0.0000e+00
      11376    315.602    312.000     1.0946   3.002400    34.8644    27.9311    10.3652     93.053     0.0083    96.8713    1459.06   82.89992   -6.27648 0.0000e+00
      11409    316.614    313.000     1.0950   3.002491    34.8646    27.9313    10.3501     92.918     0.0021    96.8705    1459.08   82.89992   -6.27648 0.0000e+00
      11443    317.627    314.000     1.0947   3.002520    34.8647    27.9314    10.3272     92.712     0.0064    96.8706    1459.10   82.89992   -6.27647 0.0000e+00
      11476    318.639    315.000     1.0965   3.002759    34.8652    27.9317    10.3462     92.887     0.0036    96.8704    1459.12   82.89992   -6.27646 0.0000e+00
      11510    319.652    316.000     1.1015   3.003290    34.8658    27.9318    10.3546     92.975     0.0038    96.8704    1459.16   82.89992   -6.27645 0.0000e+00
      11543    320.664    317.000     1.1036   3.003562    34.8664    27.9322    10.3543     92.978     0.0059    96.8705    1459.19   82.89992   -6.27644 0.0000e+00
      11577    321.676    318.000     1.1147   3.004701    34.8679    27.9327    10.3494     92.961     0.0018    96.8705    1459.26   82.89992   -6.27644 0.0000e+00
      11610    322.689    319.000     1.1254   3.005794    34.8695    27.9332    10.3501     92.993     0.0029    96.8705    1459.32   82.89992   -6.27643 0.0000e+00
      11644    323.701    320.000     1.1455   3.007789    34.8721    27.9339    10.3435     92.984     0.0067    96.8715    1459.43 -9.990e-29   -6.27642 0.0000e+00
      11677    324.713    321.000     1.1602   3.009302    34.8745    27.9349    10.3457     93.039     0.0018    96.8711    1459.52 -9.990e-29   -6.27642 0.0000e+00
      11711    325.726    322.000     1.1658   3.009913    34.8755    27.9353    10.3424     93.024     0.0021    96.8705    1459.56   82.89994   -6.27642 0.0000e+00
      11744    326.738    323.000     1.1749   3.010852    34.8769    27.9358    10.3272     92.910     0.0023    96.8696    1459.62   82.89994 -9.990e-29 0.0000e+00
      11778    327.750    324.000     1.1841   3.011809    34.8783    27.9363    10.3348     93.000     0.0056    96.8734    1459.68   82.89994 -9.990e-29 0.0000e+00
      11811    328.763    325.000     1.1917   3.012625    34.8797    27.9369    10.3341     93.013     0.0097    96.8714    1459.73   82.89994   -6.27640 0.0000e+00
      11845    329.775    326.000     1.2032   3.013787    34.8813    27.9373    10.3324     93.026     0.0031    96.8823    1459.80   82.89994   -6.27638 0.0000e+00
      11878    330.788    327.000     1.2129   3.014816    34.8830    27.9381    10.3448     93.162     0.0050    96.8836    1459.86   82.89994   -6.27638 0.0000e+00
      11912    331.800    328.000     1.2206   3.015637    34.8843    27.9386    10.3570     93.291     0.0095    96.8734    1459.92   82.89994   -6.27636 0.0000e+00
      11946    332.812    329.000     1.2314   3.016774    34.8863    27.9394    10.3430     93.192     0.0038    96.8802    1459.98   82.89994   -6.27636 0.0000e+00
      11979    333.825    330.000     1.2333   3.017041    34.8871    27.9399    10.3600     93.350     0.0080    96.8846    1460.01   82.89994   -6.27636 0.0000e+00
      12013    334.837    331.000     1.2351   3.017286    34.8876    27.9402    10.3400     93.174     0.0023    96.8809    1460.03   82.89994   -6.27634 0.0000e+00
      12046    335.850    332.000     1.2406   3.017897    34.8886    27.9407    10.3418     93.204     0.0023    96.8759    1460.08 -9.990e-29   -6.27634 0.0000e+00
      12080    336.862    333.000     1.2463   3.018516    34.8898    27.9412    10.3460     93.256     0.0023    96.8848    1460.12 -9.990e-29   -6.27634 0.0000e+00
      12113    337.874    334.000     1.2517   3.019125    34.8909    27.9417    10.3411     93.226     0.0021    96.8859    1460.16   82.89996   -6.27632 0.0000e+00
      12147    338.887    335.000     1.2552   3.019581    34.8923    27.9426    10.3541     93.352     0.0019    96.8837    1460.20   82.89996   -6.27632 0.0000e+00
      12180    339.899    336.000     1.2580   3.019950    34.8932    27.9432    10.3571     93.387     0.0078    96.8882    1460.23   82.89996   -6.27630 0.0000e+00
      12214    340.912    337.000     1.2598   3.020181    34.8937    27.9434    10.3657     93.469     0.0080    96.8920    1460.25   82.89996   -6.27630 0.0000e+00
      12247    341.924    338.000     1.2614   3.020423    34.8944    27.9439    10.3751     93.557     0.0023    96.8913    1460.28   82.89996   -6.27630 0.0000e+00
      12281    342.936    339.000     1.2626   3.020627    34.8950    27.9443    10.3647     93.467     0.0019    96.8963    1460.30   82.89996   -6.27628 0.0000e+00
      12314    343.949    340.000     1.2617   3.020642    34.8956    27.9449    10.3754     93.562     0.0029    96.8934    1460.31   82.89996   -6.27628 0.0000e+00
      12348    344.961    341.000     1.2592   3.020494    34.8959    27.9453    10.3723     93.528     0.0095    96.8964    1460.32   82.89996   -6.27628 0.0000e+00
      12381    345.974    342.000     1.2581   3.020464    34.8961    27.9455    10.3632     93.444     0.0059    96.8995    1460.33   82.89996   -6.27627 0.0000e+00
      12414    346.987    343.000     1.2570   3.020435    34.8964    27.9458    10.3787     93.581     0.0023    96.8838    1460.34   82.89996   -6.27626 0.0000e+00
      12447    347.999    344.000     1.2557   3.020373    34.8965    27.9460    10.3892     93.673     0.0023    96.8910    1460.35   82.89998   -6.27626 0.0000e+00
      12480    349.011    345.000     1.2528   3.020178    34.8967    27.9464    10.3937     93.707     0.0047    96.8956    1460.36   82.89998   -6.27625 0.0000e+00
      12513    350.024    346.000     1.2515   3.020129    34.8968    27.9466    10.3920     93.688     0.0056    96.8948    1460.37   82.89998   -6.27624 0.0000e+00
      12546    351.036    347.000     1.2499   3.020039    34.8969    27.9467    10.3918     93.683     0.0024    96.9002    1460.38   82.89998   -6.27623 0.0000e+00
      12579    352.049    348.000     1.2457   3.019718    34.8969    27.9470    10.3989     93.737     0.0079    96.8911    1460.37   82.89998   -6.27622 0.0000e+00
      12613    353.061    349.000     1.2434   3.019573    34.8971    27.9473    10.3908     93.658     0.0023    96.8955    1460.38   82.89998   -6.27622 0.0000e+00
      12646    354.074    350.000     1.2419   3.019486    34.8970    27.9474    10.3978     93.718     0.0111    96.8979    1460.39   82.89998   -6.27621 0.0000e+00
      12679    355.086    351.000     1.2379   3.019185    34.8970    27.9477    10.4024     93.749     0.0048    96.8949    1460.39   82.89998   -6.27620 0.0000e+00
      12712    356.099    352.000     1.2370   3.019151    34.8969    27.9477    10.3914     93.648     0.0021    96.8948    1460.40   82.89998   -6.27619 0.0000e+00
      12745    357.111    353.000     1.2331   3.018861    34.8970    27.9480    10.3961     93.682     0.0054    96.8897    1460.40   82.89998   -6.27618 0.0000e+00
      12778    358.124    354.000     1.2251   3.018208    34.8970    27.9486    10.3991     93.689     0.0049    96.8948    1460.39   82.89998   -6.27618 0.0000e+00
      12811    359.136    355.000     1.2217   3.017953    34.8969    27.9488    10.4052     93.736     0.0025    96.8917    1460.39   82.89998   -6.27617 0.0000e+00
      12844    360.149    356.000     1.2159   3.017490    34.8968    27.9491    10.4076     93.744     0.0097    96.8949    1460.38   82.89998   -6.27616 0.0000e+00
      12877    361.161    357.000     1.2092   3.016949    34.8968    27.9495    10.4272     93.904     0.0060    96.8964    1460.36   82.89998   -6.27616 0.0000e+00
      12911    362.174    358.000     1.2059   3.016702    34.8966    27.9496    10.4112     93.752     0.0023    96.8964    1460.37   82.89999   -6.27615 0.0000e+00
      12944    363.186    359.000     1.2066   3.016783    34.8963    27.9493    10.4177     93.812     0.0078    96.8963    1460.38   82.90000   -6.27614 0.0000e+00
      12977    364.199    360.000     1.2049   3.016686    34.8965    27.9496    10.4134     93.769     0.0023    96.8964    1460.39   82.90000   -6.27614 0.0000e+00
      13010    365.212    361.000     1.1993   3.016242    34.8964    27.9499    10.4029     93.662     0.0023    96.8972    1460.38   82.90000   -6.27614 0.0000e+00
      13043    366.224    362.000     1.1949   3.015896    34.8963    27.9501    10.4103     93.717     0.0023    96.8948    1460.38   82.90000 -9.990e-29 0.0000e+00
      13076    367.237    363.000     1.1906   3.015554    34.8961    27.9502    10.4085     93.691     0.0079    96.8933    1460.38   82.90000 -9.990e-29 0.0000e+00
      13109    368.249    364.000     1.1800   3.014636    34.8955    27.9505    10.4026     93.612     0.0049    96.8846    1460.35   82.90000   -6.27610 0.0000e+00
      13142    369.262    365.000     1.1746   3.014207    34.8955    27.9509    10.4063     93.633     0.0052    96.8983    1460.34   82.90000   -6.27610 0.0000e+00
      13176    370.275    366.000     1.1687   3.013714    34.8952    27.9510    10.4186     93.729     0.0020    96.8996    1460.33   82.90000   -6.27609 0.0000e+00
      13209    371.287    367.000     1.1660   3.013519    34.8950    27.9511    10.4192     93.728     0.0021    96.8901    1460.33   82.90000   -6.27608 0.0000e+00
      13242    372.300    368.000     1.1621   3.013213    34.8949    27.9513    10.4356     93.866     0.0023    96.8979    1460.33   82.90000   -6.27608 0.0000e+00
      13275    373.312    369.000     1.1577   3.012876    34.8949    27.9516    10.4437     93.928     0.0069    96.8996    1460.33   82.90000   -6.27607 0.0000e+00
      13308    374.325    370.000     1.1500   3.012234    34.8947    27.9520    10.4153     93.654     0.0029    96.8991    1460.31   82.90000   -6.27606 0.0000e+00
      13341    375.338    371.000     1.1423   3.011591    34.8945    27.9523    10.4079     93.569     0.0043    96.9106    1460.29   82.90000   -6.27606 0.0000e+00
      13374    376.350    372.000     1.1408   3.011502    34.8943    27.9523    10.4201     93.676     0.0096    96.9168    1460.30   82.90000   -6.27604 0.0000e+00
      13407    377.363    373.000     1.1397   3.011444    34.8943    27.9523    10.4350     93.807     0.0045    96.9024    1460.31   82.90002   -6.27604 0.0000e+00
      13440    378.375    374.000     1.1383   3.011362    34.8942    27.9523    10.4236     93.700     0.0023    96.8988    1460.32   82.90002   -6.27604 0.0000e+00
      13473    379.388    375.000     1.1349   3.011116    34.8942    27.9526    10.4189     93.650     0.0023    96.8995    1460.33   82.90002   -6.27602 0.0000e+00
      13506    380.401    376.000     1.1271   3.010474    34.8941    27.9530    10.4171     93.616     0.0023    96.9085    1460.31   82.90002   -6.27602 0.0000e+00
      13539    381.413    377.000     1.1150   3.009458    34.8939    27.9537    10.4285     93.689     0.0023    96.9092    1460.27   82.90002   -6.27602 0.0000e+00
      13573    382.426    378.000     1.1109   3.009130    34.8937    27.9539    10.4225     93.625     0.0043    96.9000    1460.27   82.90002   -6.27600 0.0000e+00
      13606    383.439    379.000     1.1058   3.008702    34.8933    27.9539    10.4280     93.662     0.0114    96.9009    1460.26   82.90002   -6.27600 0.0000e+00
      13639    384.451    380.000     1.1018   3.008401    34.8933    27.9542    10.4343     93.708     0.0024    96.9081    1460.26 -9.990e-29   -6.27600 0.0000e+00
      13672    385.464    381.000     1.0940   3.007751    34.8930    27.9544    10.4430     93.768     0.0133    96.9008    1460.24 -9.990e-29   -6.27598 0.0000e+00
      13705    386.476    382.000     1.0864   3.007115    34.8928    27.9548    10.4391     93.715     0.0022    96.9118    1460.23   82.90004   -6.27598 0.0000e+00
      13738    387.489    383.000     1.0821   3.006777    34.8926    27.9550    10.4351     93.668     0.0023    96.9139    1460.22   82.90004   -6.27598 0.0000e+00
      13771    388.502    384.000     1.0809   3.006704    34.8925    27.9550    10.4297     93.617     0.0070    96.9128    1460.23   82.90004   -6.27596 0.0000e+00
      13804    389.514    385.000     1.0791   3.006587    34.8924    27.9550    10.4343     93.654     0.0034    96.9147    1460.24   82.90004   -6.27596 0.0000e+00
      13837    390.527    386.000     1.0753   3.006309    34.8925    27.9553    10.4473     93.762     0.0023    96.9182    1460.24   82.90004   -6.27595 0.0000e+00
      13870    391.540    387.000     1.0641   3.005384    34.8925    27.9561    10.4430     93.696     0.0023    96.9142    1460.21   82.90004   -6.27594 0.0000e+00
      13903    392.552    388.000     1.0540   3.004531    34.8922    27.9565    10.4345     93.596     0.0023    96.9015    1460.18   82.90004   -6.27594 0.0000e+00
      13936    393.565    389.000     1.0484   3.004072    34.8919    27.9566    10.4222     93.472     0.0077    96.9116    1460.17   82.90004   -6.27593 0.0000e+00
      13969    394.578    390.000     1.0442   3.003748    34.8919    27.9569    10.4448     93.665     0.0022    96.9137    1460.17   82.90004   -6.27592 0.0000e+00
