Sta0264.cnv
* Sea-Bird SBE 9 Data File:
* FileName = C:\Seabird\CTDDATA\test0264.hex
* Software Version Seasave V 7.26.7.107
* Temperature SN = 03-4535
* Conductivity SN = 2860
* Number of Bytes Per Scan = 44
* Number of Voltage Words = 5
* Number of Scans Averaged by the Deck Unit = 1
* NMEA Latitude = 82 52.68 N
* NMEA Longitude = 006 22.37 W
* NMEA UTC (Time) = Oct 02 2019 09:14:31
* NMEA baud rate = 9600
** Ship: "Kronprins Haakon"
** Station: 264
** Echodepth: 4175
** Log: 8016.022
** Wind-Dir Force(m/s): 18 07
** Air-temp (dry): -7.6
** Weather Sky: 2 8
** Sea Ice: 1 7
# nquan = 15
# nvalues = 3991                        
# units = specified
# name 0 = scan: Scan Count
# name 1 = prDM: Pressure, Digiquartz [db]
# name 2 = depSM: Depth [salt water, m]
# name 3 = t068C: Temperature [IPTS-68, deg C]
# name 4 = c0S/m: Conductivity [S/m]
# name 5 = sal00: Salinity, Practical [PSU]
# name 6 = sigma-é00: Density [sigma-theta, kg/m^3]
# name 7 = sbeox0Mg/L: Oxygen, SBE 43 [mg/l]
# name 8 = sbeox0PS: Oxygen, SBE 43 [% saturation]
# name 9 = flECO-AFL: Fluorescence, WET Labs ECO-AFL/FL [mg/m^3]
# name 10 = CStarTr0: Beam Transmission, WET Labs C-Star [%]
# name 11 = svCM: Sound Velocity [Chen-Millero, m/s]
# name 12 = latitude: Latitude [deg]
# name 13 = longitude: Longitude [deg]
# name 14 = flag: flag
# span 0 =       1932,     142081       
# span 1 =     14.151,   4086.069       
# span 2 =     14.000,   4004.000       
# span 3 =    -1.7444,     1.0535       
# span 4 =   2.511052,   3.010503       
# span 5 =    31.5783,    34.9310       
# span 6 =    25.3978,    28.0931       
# span 7 =     9.8465,    13.5910       
# span 8 =     84.580,    110.718       
# span 9 =    -0.0055,     0.2306       
# span 10 =    94.0553,    95.9658      
# span 11 =    1436.59,    1515.08      
# span 12 =   82.87808,   82.87871      
# span 13 =   -6.37154,   -6.34234      
# span 14 = 0.0000e+00, 0.0000e+00      
# interval = meters: 1                  
# start_time = Oct 02 2019 09:14:32 [System UTC, first data scan.]
# bad_flag = -9.990e-29
*END*
[from data line 2796]
      75101   2859.565   2810.000    -0.7235   2.957276    34.9278    28.0901    10.0082     85.741     0.0015    95.8308    1493.43   82.87854   -6.35652 0.0000e+00
      75124   2860.590   2811.000    -0.7235   2.957315    34.9278    28.0901     9.9952     85.630    -0.0048    95.8297    1493.44   82.87854   -6.35652 0.0000e+00
      75148   2861.614   2812.000    -0.7234   2.957353    34.9277    28.0900    10.0115     85.770     0.0016    95.8318    1493.46   82.87854   -6.35652 0.0000e+00
      75171   2862.638   2813.000    -0.7234   2.957400    34.9278    28.0901    10.0102     85.758     0.0020    95.8201    1493.48   82.87854   -6.35652 0.0000e+00
      75194   2863.663   2814.000    -0.7234   2.957448    34.9279    28.0902    10.0319     85.945     0.0061    95.8130    1493.50   82.87854   -6.35650 0.0000e+00
      75217   2864.687   2815.000    -0.7235   2.957472    34.9278    28.0901    10.0179     85.824     0.0052    95.8168    1493.52   82.87854   -6.35650 0.0000e+00
      75239   2865.712   2816.000    -0.7235   2.957512    34.9278    28.0901    10.0201     85.843     0.0023    95.8177    1493.53   82.87854   -6.35650 0.0000e+00
      75262   2866.737   2817.000    -0.7234   2.957566    34.9278    28.0902    10.0040     85.705     0.0021    95.8176    1493.55   82.87854   -6.35650 0.0000e+00
      75285   2867.761   2818.000    -0.7232   2.957619    34.9279    28.0902    10.0087     85.746     0.0012    95.8150    1493.57   82.87854   -6.35649 0.0000e+00
      75308   2868.785   2819.000    -0.7233   2.957652    34.9278    28.0902    10.0144     85.795     0.0020    95.8276    1493.59   82.87854   -6.35648 0.0000e+00
      75331   2869.810   2820.000    -0.7232   2.957693    34.9278    28.0902     9.9990     85.663     0.0018    95.8198    1493.60   82.87854   -6.35648 0.0000e+00
      75354   2870.834   2821.000    -0.7233   2.957728    34.9279    28.0902    10.0207     85.849     0.0019    95.8287    1493.62   82.87854   -6.35648 0.0000e+00
      75377   2871.858   2822.000    -0.7231   2.957777    34.9278    28.0902    10.0242     85.879     0.0020    95.8282    1493.64   82.87854   -6.35647 0.0000e+00
      75400   2872.883   2823.000    -0.7231   2.957823    34.9279    28.0903    10.0075     85.736     0.0020    95.8195    1493.66   82.87854   -6.35646 0.0000e+00
      75421   2873.908   2824.000    -0.7233   2.957838    34.9278    28.0901    10.0183     85.828     0.0041    95.8173    1493.67   82.87854   -6.35646 0.0000e+00
      75443   2874.932   2825.000    -0.7232   2.957892    34.9278    28.0902    10.0299     85.928     0.0096    95.8200    1493.69   82.87854   -6.35646 0.0000e+00
      75464   2875.956   2826.000    -0.7232   2.957936    34.9279    28.0902    10.0221     85.861     0.0096    95.8291    1493.71   82.87854   -6.35646 0.0000e+00
      75485   2876.981   2827.000    -0.7231   2.957986    34.9280    28.0903    10.0098     85.756     0.0096    95.8349    1493.73   82.87854   -6.35644 0.0000e+00
      75507   2878.005   2828.000    -0.7231   2.958019    34.9279    28.0902     9.9951     85.630     0.0049    95.8265    1493.75   82.87854   -6.35644 0.0000e+00
      75529   2879.030   2829.000    -0.7230   2.958061    34.9278    28.0902    10.0120     85.775     0.0052    95.8286    1493.76   82.87854   -6.35644 0.0000e+00
      75552   2880.054   2830.000    -0.7230   2.958111    34.9279    28.0903    10.0126     85.780     0.0071    95.8339    1493.78   82.87854   -6.35644 0.0000e+00
      75576   2881.079   2831.000    -0.7229   2.958148    34.9279    28.0902    10.0215     85.856     0.0017    95.8321    1493.80   82.87854   -6.35643 0.0000e+00
      75599   2882.104   2832.000    -0.7229   2.958198    34.9280    28.0903    10.0206     85.849     0.0015    95.8289    1493.82   82.87854   -6.35642 0.0000e+00
      75622   2883.128   2833.000    -0.7229   2.958235    34.9279    28.0902    10.0091     85.750     0.0023    95.8205    1493.83   82.87854   -6.35642 0.0000e+00
      75645   2884.152   2834.000    -0.7228   2.958285    34.9280    28.0903     9.9965     85.642     0.0023    95.8342    1493.85   82.87854   -6.35642 0.0000e+00
      75667   2885.177   2835.000    -0.7228   2.958330    34.9280    28.0903    10.0113     85.769     0.0023    95.8299    1493.87   82.87854   -6.35641 0.0000e+00
      75690   2886.202   2836.000    -0.7227   2.958373    34.9279    28.0903    10.0069     85.732     0.0022    95.8339    1493.89   82.87854   -6.35640 0.0000e+00
      75713   2887.226   2837.000    -0.7227   2.958412    34.9279    28.0903    10.0018     85.689     0.0021    95.8353    1493.91   82.87854   -6.35640 0.0000e+00
      75736   2888.250   2838.000    -0.7227   2.958450    34.9279    28.0903    10.0104     85.762     0.0020    95.8330    1493.92   82.87854   -6.35640 0.0000e+00
      75759   2889.275   2839.000    -0.7226   2.958491    34.9279    28.0902    10.0064     85.727     0.0017    95.8233    1493.94   82.87854   -6.35639 0.0000e+00
      75782   2890.299   2840.000    -0.7226   2.958536    34.9279    28.0902     9.9996     85.669     0.0020    95.8315    1493.96   82.87854   -6.35638 0.0000e+00
      75805   2891.324   2841.000    -0.7225   2.958583    34.9279    28.0903     9.9984     85.660     0.0023    95.8330    1493.98   82.87854   -6.35638 0.0000e+00
      75828   2892.349   2842.000    -0.7225   2.958629    34.9280    28.0903     9.9930     85.614     0.0017    95.8331    1493.99   82.87854   -6.35638 0.0000e+00
      75851   2893.373   2843.000    -0.7224   2.958672    34.9280    28.0903    10.0235     85.875     0.0020    95.8331    1494.01   82.87854   -6.35636 0.0000e+00
      75874   2894.398   2844.000    -0.7224   2.958709    34.9279    28.0903    10.0073     85.736     0.0017    95.8319    1494.03   82.87854   -6.35636 0.0000e+00
      75897   2895.423   2845.000    -0.7223   2.958769    34.9281    28.0905    10.0035     85.704     0.0007    95.8330    1494.05   82.87854   -6.35636 0.0000e+00
      75920   2896.447   2846.000    -0.7223   2.958803    34.9280    28.0904    10.0252     85.890     0.0051    95.8298    1494.07   82.87854   -6.35636 0.0000e+00
      75943   2897.472   2847.000    -0.7222   2.958849    34.9280    28.0904    10.0160     85.811     0.0073    95.8341    1494.08   82.87856   -6.35634 0.0000e+00
      75966   2898.496   2848.000    -0.7221   2.958891    34.9280    28.0904     9.9970     85.648     0.0019    95.8332    1494.10   82.87856   -6.35634 0.0000e+00
      75988   2899.521   2849.000    -0.7221   2.958927    34.9279    28.0903    10.0158     85.809     0.0020    95.8286    1494.12   82.87856   -6.35634 0.0000e+00
      76011   2900.545   2850.000    -0.7220   2.958980    34.9281    28.0904    10.0185     85.833     0.0020    95.8329    1494.14   82.87856   -6.35634 0.0000e+00
      76034   2901.570   2851.000    -0.7220   2.959026    34.9281    28.0905    10.0076     85.740     0.0020    95.8320    1494.15   82.87856   -6.35632 0.0000e+00
      76057   2902.595   2852.000    -0.7219   2.959061    34.9280    28.0904     9.9968     85.647     0.0017    95.8293    1494.17   82.87856   -6.35632 0.0000e+00
      76080   2903.619   2853.000    -0.7219   2.959105    34.9280    28.0904    10.0115     85.773     0.0023    95.8342    1494.19   82.87856   -6.35632 0.0000e+00
      76103   2904.644   2854.000    -0.7219   2.959150    34.9281    28.0904    10.0104     85.764     0.0023    95.8334    1494.21   82.87856   -6.35632 0.0000e+00
      76126   2905.669   2855.000    -0.7219   2.959191    34.9281    28.0904     9.9966     85.646     0.0023    95.8330    1494.22   82.87856   -6.35632 0.0000e+00
      76149   2906.693   2856.000    -0.7218   2.959232    34.9280    28.0904     9.9995     85.671     0.0029    95.8342    1494.24   82.87856   -6.35631 0.0000e+00
      76172   2907.718   2857.000    -0.7217   2.959273    34.9280    28.0904    10.0115     85.774     0.0095    95.8342    1494.26   82.87856   -6.35630 0.0000e+00
      76195   2908.742   2858.000    -0.7217   2.959322    34.9281    28.0905     9.9961     85.642     0.0024    95.8353    1494.28   82.87856   -6.35630 0.0000e+00
      76218   2909.767   2859.000    -0.7216   2.959366    34.9281    28.0904    10.0098     85.759     0.0020    95.8339    1494.30   82.87856   -6.35629 0.0000e+00
      76241   2910.792   2860.000    -0.7217   2.959406    34.9281    28.0905    10.0004     85.678     0.0020    95.8333    1494.31   82.87856   -6.35628 0.0000e+00
      76264   2911.816   2861.000    -0.7215   2.959457    34.9282    28.0905    10.0093     85.755     0.0020    95.8224    1494.33   82.87856   -6.35628 0.0000e+00
      76287   2912.841   2862.000    -0.7215   2.959498    34.9281    28.0905     9.9907     85.596     0.0020    95.8292    1494.35   82.87856   -6.35628 0.0000e+00
      76310   2913.865   2863.000    -0.7214   2.959535    34.9280    28.0904    10.0123     85.781     0.0023    95.8352    1494.37   82.87856   -6.35627 0.0000e+00
      76333   2914.890   2864.000    -0.7213   2.959583    34.9280    28.0904    10.0089     85.752     0.0023    95.8342    1494.39   82.87856   -6.35626 0.0000e+00
      76355   2915.915   2865.000    -0.7213   2.959627    34.9281    28.0905     9.9980     85.659     0.0023    95.8318    1494.40   82.87856   -6.35626 0.0000e+00
      76378   2916.939   2866.000    -0.7212   2.959674    34.9282    28.0905    10.0144     85.800     0.0023    95.8297    1494.42   82.87856   -6.35626 0.0000e+00
      76401   2917.964   2867.000    -0.7212   2.959717    34.9282    28.0905     9.9978     85.657     0.0023    95.8285    1494.44   82.87856   -6.35626 0.0000e+00
      76424   2918.989   2868.000    -0.7211   2.959754    34.9281    28.0904    10.0060     85.728     0.0014    95.8320    1494.46   82.87856 -9.990e-29 0.0000e+00
      76447   2920.014   2869.000    -0.7210   2.959809    34.9282    28.0905     9.9993     85.671     0.0017    95.8322    1494.47   82.87856 -9.990e-29 0.0000e+00
      76470   2921.038   2870.000    -0.7210   2.959846    34.9282    28.0905     9.9855     85.552     0.0017    95.8238    1494.49   82.87856 -9.990e-29 0.0000e+00
      76493   2922.063   2871.000    -0.7210   2.959885    34.9281    28.0905    10.0066     85.733     0.0021    95.8262    1494.51   82.87856   -6.35624 0.0000e+00
      76516   2923.088   2872.000    -0.7210   2.959938    34.9283    28.0906    10.0203     85.851     0.0023    95.8207    1494.53   82.87856   -6.35622 0.0000e+00
      76541   2924.112   2873.000    -0.7209   2.959973    34.9282    28.0905    10.0065     85.733     0.0023    95.8323    1494.54   82.87856   -6.35622 0.0000e+00
      76900   2925.137   2874.000    -0.7208   2.960009    34.9280    28.0904     9.9647     85.374     0.0052    95.8361    1494.56   82.87856   -6.35615 0.0000e+00
      77501   2926.161   2875.000    -0.7207   2.960069    34.9282    28.0906     9.9038     84.853     0.0071    95.8335    1494.58   82.87856   -6.35602 0.0000e+00
      77511   2927.186   2876.000    -0.7208   2.960113    34.9283    28.0906     9.9244     85.029     0.0022    95.8338    1494.60   82.87856   -6.35602 0.0000e+00
      77532   2928.211   2877.000    -0.7208   2.960158    34.9284    28.0907     9.9762     85.474     0.0019    95.8353    1494.62   82.87856   -6.35602 0.0000e+00
      77552   2929.236   2878.000    -0.7207   2.960195    34.9283    28.0906     9.9985     85.664     0.0016    95.8374    1494.63   82.87856   -6.35600 0.0000e+00
      77573   2930.261   2879.000    -0.7207   2.960246    34.9284    28.0907     9.9779     85.488     0.0068    95.8357    1494.65   82.87856   -6.35600 0.0000e+00
      77595   2931.285   2880.000    -0.7206   2.960281    34.9283    28.0906    10.0224     85.869     0.0063    95.8353    1494.67   82.87856   -6.35600 0.0000e+00
      77618   2932.310   2881.000    -0.7206   2.960330    34.9283    28.0907    10.0097     85.760     0.0021    95.8311    1494.69   82.87856   -6.35600 0.0000e+00
      77641   2933.335   2882.000    -0.7205   2.960370    34.9283    28.0906     9.9957     85.641     0.0013    95.8349    1494.71   82.87856   -6.35598 0.0000e+00
      77664   2934.360   2883.000    -0.7205   2.960415    34.9283    28.0907     9.9879     85.575     0.0020    95.8266    1494.72   82.87856   -6.35598 0.0000e+00
      77687   2935.384   2884.000    -0.7204   2.960455    34.9283    28.0906     9.9929     85.617     0.0020    95.8240    1494.74   82.87856   -6.35598 0.0000e+00
      77710   2936.409   2885.000    -0.7203   2.960506    34.9283    28.0907     9.9843     85.544     0.0023    95.8344    1494.76   82.87856   -6.35598 0.0000e+00
      77733   2937.434   2886.000    -0.7203   2.960549    34.9284    28.0907    10.0067     85.736     0.0017    95.8331    1494.78   82.87856   -6.35598 0.0000e+00
      77755   2938.459   2887.000    -0.7203   2.960589    34.9283    28.0906     9.9983     85.664     0.0020    95.8326    1494.79   82.87856   -6.35597 0.0000e+00
      77778   2939.483   2888.000    -0.7202   2.960629    34.9283    28.0906     9.9879     85.575     0.0053    95.8300    1494.81   82.87856   -6.35596 0.0000e+00
      77801   2940.508   2889.000    -0.7203   2.960669    34.9283    28.0907     9.9911     85.602     0.0072    95.8352    1494.83   82.87856   -6.35596 0.0000e+00
      77824   2941.533   2890.000    -0.7203   2.960710    34.9284    28.0907     9.9961     85.645     0.0018    95.8353    1494.85   82.87856   -6.35596 0.0000e+00
      77847   2942.558   2891.000    -0.7202   2.960748    34.9283    28.0906     9.9644     85.374     0.0014    95.8353    1494.87   82.87856   -6.35595 0.0000e+00
      77870   2943.583   2892.000    -0.7201   2.960801    34.9284    28.0907    10.0018     85.694     0.0016    95.8353    1494.88   82.87856   -6.35594 0.0000e+00
      77893   2944.608   2893.000    -0.7200   2.960837    34.9283    28.0907    10.0012     85.689     0.0086    95.8352    1494.90   82.87856   -6.35594 0.0000e+00
      77916   2945.632   2894.000    -0.7200   2.960886    34.9284    28.0907     9.9934     85.622     0.0096    95.8360    1494.92   82.87856   -6.35594 0.0000e+00
      77939   2946.657   2895.000    -0.7199   2.960936    34.9284    28.0907     9.9952     85.638     0.0049    95.8346    1494.94   82.87856   -6.35592 0.0000e+00
      77962   2947.682   2896.000    -0.7198   2.960979    34.9283    28.0907    10.0071     85.741     0.0019    95.8360    1494.96   82.87856   -6.35592 0.0000e+00
      77985   2948.707   2897.000    -0.7196   2.961031    34.9283    28.0907    10.0149     85.807     0.0011    95.8347    1494.97   82.87856   -6.35592 0.0000e+00
      78008   2949.732   2898.000    -0.7196   2.961077    34.9284    28.0907     9.9972     85.656     0.0007    95.8330    1494.99   82.87856   -6.35592 0.0000e+00
      78032   2950.756   2899.000    -0.7195   2.961119    34.9284    28.0907    10.0127     85.789     0.0020    95.8353    1495.01   82.87856   -6.35590 0.0000e+00
      78055   2951.781   2900.000    -0.7194   2.961165    34.9284    28.0907    10.0041     85.716     0.0095    95.8342    1495.03   82.87856   -6.35590 0.0000e+00
      78078   2952.806   2901.000    -0.7194   2.961208    34.9284    28.0908    10.0025     85.702     0.0024    95.8292    1495.04   82.87856   -6.35590 0.0000e+00
      78102   2953.831   2902.000    -0.7194   2.961249    34.9284    28.0907    10.0072     85.743     0.0020    95.8348    1495.06   82.87856   -6.35590 0.0000e+00
      78125   2954.856   2903.000    -0.7194   2.961291    34.9285    28.0908     9.9976     85.660     0.0017    95.8331    1495.08   82.87856   -6.35588 0.0000e+00
      78148   2955.880   2904.000    -0.7194   2.961336    34.9285    28.0908    10.0051     85.725     0.0013    95.8342    1495.10   82.87856   -6.35588 0.0000e+00
