Sta0265.cnv
* Sea-Bird SBE 9 Data File:
* FileName = C:\Seabird\CTDDATA\Sta0265.hex
* Software Version Seasave V 7.26.7.107
* Temperature SN = 03-4535
* Conductivity SN = 2860
* Number of Bytes Per Scan = 38
* Number of Voltage Words = 5
* Number of Scans Averaged by the Deck Unit = 1
* NMEA Latitude = 82 53.62 N
* NMEA Longitude = 006 15.87 W
* NMEA UTC (Time) = Oct 04 2019 00:41:48
* NMEA baud rate = 9600
** Ship: "Kronprins Haakon"
** Station: 265
** Echodepth: 3866
** Log: 8039.242
** Wind-Dir Force(m/s): 08 03
** Air-temp (dry): -8.6
** Weather Sky: 0 9
** Sea Ice: 0 5
# nquan = 15
# nvalues = 3973                        
# units = specified
# name 0 = scan: Scan Count
# name 1 = prDM: Pressure, Digiquartz [db]
# name 2 = depSM: Depth [salt water, m]
# name 3 = t068C: Temperature [IPTS-68, deg C]
# name 4 = c0S/m: Conductivity [S/m]
# name 5 = sal00: Salinity, Practical [PSU]
# name 6 = sigma-é00: Density [sigma-theta, kg/m^3]
# name 7 = sbeox0Mg/L: Oxygen, SBE 43 [mg/l]
# name 8 = sbeox0PS: Oxygen, SBE 43 [% saturation]
# name 9 = flECO-AFL: Fluorescence, WET Labs ECO-AFL/FL [mg/m^3]
# name 10 = CStarTr0: Beam Transmission, WET Labs C-Star [%]
# name 11 = svCM: Sound Velocity [Chen-Millero, m/s]
# name 12 = latitude: Latitude [deg]
# name 13 = longitude: Longitude [deg]
# name 14 = flag: flag
# span 0 =        737,     111029       
# span 1 =      1.011,   4054.142       
# span 2 =      1.000,   3973.000       
# span 3 =    -1.7308,     1.2897       
# span 4 =   2.479716,   3.021848       
# span 5 =    29.7670,    34.9313       
# span 6 =    23.8831,    28.0935       
# span 7 =     8.9929,    14.8386       
# span 8 =     75.427,    121.908       
# span 9 =    -0.0061,     0.2024       
# span 10 =    91.2395,    96.2743      
# span 11 =    1436.58,    1514.50      
# span 12 =   82.89170,   82.89364      
# span 13 =   -6.26496,   -6.26450      
# span 14 = 0.0000e+00, 0.0000e+00      
# interval = meters: 1                  
# start_time = Oct 04 2019 00:41:48 [System UTC, first data scan.]
# bad_flag = -9.990e-29
*END*
[from data line 2026]
      63928   2070.144   2038.000    -0.6912   2.928334    34.9177    28.0781    10.0519     86.183     0.0043    96.0969    1480.13   82.89238   -6.26450 0.0000e+00
      63951   2071.165   2039.000    -0.6913   2.928361    34.9176    28.0781    10.0453     86.126     0.0007    96.1084    1480.15   82.89238   -6.26450 0.0000e+00
      63974   2072.186   2040.000    -0.6916   2.928379    34.9176    28.0781    10.0528     86.189     0.0004    96.0988    1480.17   82.89238   -6.26450 0.0000e+00
      63998   2073.206   2041.000    -0.6918   2.928400    34.9176    28.0781    10.0690     86.328     0.0051    96.0973    1480.18   82.89238   -6.26450 0.0000e+00
      64021   2074.227   2042.000    -0.6927   2.928361    34.9176    28.0781    10.0741     86.370     0.0070    96.0994    1480.20   82.89238   -6.26450 0.0000e+00
      64044   2075.248   2043.000    -0.6926   2.928410    34.9176    28.0782    10.0607     86.255     0.0020    96.0944    1480.21   82.89238   -6.26450 0.0000e+00
      64067   2076.269   2044.000    -0.6926   2.928454    34.9176    28.0782    10.0465     86.133     0.0023    96.0955    1480.23   82.89238   -6.26450 0.0000e+00
      64091   2077.289   2045.000    -0.6926   2.928500    34.9177    28.0782    10.0490     86.155     0.0095    96.0982    1480.25   82.89238   -6.26450 0.0000e+00
      64114   2078.310   2046.000    -0.6927   2.928528    34.9176    28.0782    10.0595     86.244     0.0096    96.0942    1480.26   82.89238   -6.26450 0.0000e+00
      64137   2079.331   2047.000    -0.6928   2.928564    34.9177    28.0782    10.0512     86.173     0.0096    96.0950    1480.28   82.89238   -6.26450 0.0000e+00
      64160   2080.352   2048.000    -0.6929   2.928597    34.9177    28.0782    10.0482     86.147     0.0038    96.0954    1480.30   82.89238   -6.26450 0.0000e+00
      64184   2081.373   2049.000    -0.6930   2.928641    34.9178    28.0783    10.0609     86.256     0.0007    96.0941    1480.32   82.89238   -6.26450 0.0000e+00
      64207   2082.394   2050.000    -0.6931   2.928684    34.9179    28.0785    10.0657     86.297     0.0014    96.0941    1480.33   82.89238   -6.26450 0.0000e+00
      64230   2083.414   2051.000    -0.6929   2.928729    34.9178    28.0783    10.0603     86.251     0.0017    96.0973    1480.35   82.89238   -6.26450 0.0000e+00
      64254   2084.435   2052.000    -0.6930   2.928769    34.9179    28.0784    10.0632     86.276     0.0014    96.0975    1480.37   82.89238   -6.26450 0.0000e+00
      64277   2085.456   2053.000    -0.6936   2.928767    34.9180    28.0785    10.0598     86.245     0.0023    96.0975    1480.38   82.89238   -6.26450 0.0000e+00
      64300   2086.476   2054.000    -0.6939   2.928776    34.9178    28.0784    10.0618     86.262     0.0023    96.0956    1480.40   82.89238   -6.26450 0.0000e+00
      64323   2087.497   2055.000    -0.6944   2.928777    34.9179    28.0785    10.0441     86.109     0.0089    96.0970    1480.41   82.89238   -6.26450 0.0000e+00
      64347   2088.518   2056.000    -0.6948   2.928781    34.9178    28.0785    10.0439     86.106     0.0030    96.0963    1480.43   82.89238   -6.26450 0.0000e+00
      64370   2089.539   2057.000    -0.6949   2.928818    34.9179    28.0785    10.0506     86.163     0.0018    96.0953    1480.44   82.89238   -6.26450 0.0000e+00
      64393   2090.560   2058.000    -0.6948   2.928860    34.9179    28.0785    10.0542     86.194     0.0016    96.1084    1480.46   82.89238   -6.26450 0.0000e+00
      64416   2091.580   2059.000    -0.6947   2.928916    34.9179    28.0785    10.0554     86.205     0.0012    96.0968    1480.48   82.89238   -6.26450 0.0000e+00
      64440   2092.601   2060.000    -0.6945   2.928970    34.9179    28.0785    10.0721     86.349     0.0042    96.1085    1480.50   82.89238   -6.26450 0.0000e+00
      64463   2093.622   2061.000    -0.6945   2.929007    34.9178    28.0784    10.0773     86.393     0.0077    96.1133    1480.51   82.89238   -6.26450 0.0000e+00
      64486   2094.643   2062.000    -0.6942   2.929078    34.9179    28.0785    10.0707     86.338     0.0011    96.1132    1480.53   82.89238   -6.26450 0.0000e+00
      64509   2095.664   2063.000    -0.6947   2.929080    34.9179    28.0785    10.0653     86.290     0.0014    96.1075    1480.55   82.89238   -6.26450 0.0000e+00
      64533   2096.685   2064.000    -0.6954   2.929059    34.9179    28.0785    10.0630     86.269     0.0012    96.0984    1480.56   82.89238   -6.26450 0.0000e+00
      64556   2097.706   2065.000    -0.6958   2.929060    34.9177    28.0785    10.0622     86.260    -0.0001    96.1146    1480.58   82.89238   -6.26450 0.0000e+00
      64579   2098.726   2066.000    -0.6956   2.929130    34.9179    28.0786    10.0572     86.218     0.0011    96.1175    1480.60   82.89238   -6.26450 0.0000e+00
      64602   2099.747   2067.000    -0.6956   2.929162    34.9178    28.0786    10.0575     86.221     0.0059    96.1124    1480.62   82.89238   -6.26450 0.0000e+00
      64626   2100.768   2068.000    -0.6949   2.929269    34.9179    28.0786    10.0537     86.190     0.0057    96.1114    1480.63   82.89238   -6.26450 0.0000e+00
      64649   2101.789   2069.000    -0.6936   2.929433    34.9181    28.0786    10.0569     86.221     0.0039    96.1132    1480.66   82.89238   -6.26450 0.0000e+00
      64672   2102.810   2070.000    -0.6937   2.929470    34.9181    28.0787    10.0662     86.300     0.0077    96.1110    1480.67   82.89238   -6.26450 0.0000e+00
      64695   2103.831   2071.000    -0.6936   2.929515    34.9181    28.0787    10.0542     86.198     0.0018    96.1143    1480.69   82.89238   -6.26450 0.0000e+00
      64719   2104.851   2072.000    -0.6935   2.929575    34.9182    28.0788    10.0617     86.262     0.0023    96.1082    1480.71   82.89238   -6.26450 0.0000e+00
      64742   2105.872   2073.000    -0.6938   2.929588    34.9182    28.0788    10.0516     86.174     0.0020    96.1184    1480.73   82.89238   -6.26450 0.0000e+00
      64765   2106.893   2074.000    -0.6937   2.929640    34.9182    28.0788    10.0584     86.233     0.0016    96.1185    1480.75   82.89238   -6.26450 0.0000e+00
      64788   2107.914   2075.000    -0.6939   2.929662    34.9182    28.0788    10.0657     86.295    -0.0031    96.1200    1480.76   82.89238   -6.26450 0.0000e+00
      64812   2108.935   2076.000    -0.6951   2.929588    34.9180    28.0787    10.0486     86.146     0.0032    96.1200    1480.77   82.89238   -6.26450 0.0000e+00
      64835   2109.956   2077.000    -0.6963   2.929520    34.9179    28.0787    10.0521     86.173     0.0058    96.1222    1480.79   82.89238   -6.26450 0.0000e+00
      64858   2110.977   2078.000    -0.6962   2.929561    34.9179    28.0786    10.0605     86.245     0.0023    96.1166    1480.80   82.89238   -6.26450 0.0000e+00
      64881   2111.998   2079.000    -0.6977   2.929486    34.9179    28.0788    10.0660     86.289     0.0017    96.1200    1480.81   82.89238   -6.26450 0.0000e+00
      64905   2113.019   2080.000    -0.7006   2.929259    34.9177    28.0787    10.0691     86.309     0.0019    96.1199    1480.82   82.89238   -6.26450 0.0000e+00
      64928   2114.040   2081.000    -0.6998   2.929368    34.9177    28.0787    10.0461     86.114     0.0011    96.1211    1480.84 -9.990e-29   -6.26450 0.0000e+00
      64951   2115.061   2082.000    -0.6991   2.929492    34.9179    28.0788    10.0584     86.221     0.0020    96.1095    1480.86 -9.990e-29   -6.26450 0.0000e+00
      64974   2116.082   2083.000    -0.6988   2.929549    34.9179    28.0788    10.0636     86.266     0.0082    96.1099    1480.88 -9.990e-29   -6.26450 0.0000e+00
      64998   2117.103   2084.000    -0.6949   2.929972    34.9184    28.0791    10.0723     86.350     0.0096    96.0987    1480.91   82.89236   -6.26450 0.0000e+00
      65021   2118.123   2085.000    -0.6950   2.929996    34.9184    28.0790    10.0635     86.274     0.0045    96.0964    1480.93   82.89236   -6.26450 0.0000e+00
      65044   2119.145   2086.000    -0.6947   2.930065    34.9185    28.0791    10.0567     86.217     0.0022    96.0986    1480.95   82.89236   -6.26450 0.0000e+00
      65067   2120.165   2087.000    -0.6958   2.930010    34.9184    28.0791    10.0521     86.174     0.0014    96.1147    1480.96   82.89236   -6.26450 0.0000e+00
      65091   2121.186   2088.000    -0.6950   2.930137    34.9186    28.0792    10.0558     86.208     0.0023    96.1201    1480.98   82.89236   -6.26450 0.0000e+00
      65114   2122.207   2089.000    -0.6931   2.930345    34.9188    28.0792    10.0519     86.179     0.0023    96.1211    1481.01   82.89236   -6.26450 0.0000e+00
      65137   2123.229   2090.000    -0.6913   2.930576    34.9192    28.0795    10.0553     86.213     0.0013    96.1200    1481.03   82.89236   -6.26450 0.0000e+00
      65161   2124.249   2091.000    -0.6912   2.930623    34.9192    28.0795    10.0479     86.150     0.0014    96.1305    1481.05   82.89236   -6.26450 0.0000e+00
      65184   2125.270   2092.000    -0.6911   2.930669    34.9192    28.0795    10.0625     86.274     0.0013    96.1439    1481.07   82.89236   -6.26450 0.0000e+00
      65207   2126.291   2093.000    -0.6917   2.930669    34.9192    28.0796    10.0727     86.362     0.0018    96.1448    1481.08   82.89236   -6.26450 0.0000e+00
      65230   2127.312   2094.000    -0.6920   2.930681    34.9193    28.0796    10.0737     86.369     0.0017    96.1485    1481.10   82.89236   -6.26450 0.0000e+00
      65254   2128.333   2095.000    -0.6924   2.930681    34.9191    28.0795    10.0664     86.305     0.0016    96.1521    1481.11   82.89236   -6.26450 0.0000e+00
      65277   2129.354   2096.000    -0.6931   2.930673    34.9192    28.0796    10.0758     86.385     0.0018    96.1505    1481.13   82.89236   -6.26450 0.0000e+00
      65300   2130.375   2097.000    -0.6934   2.930676    34.9191    28.0795    10.0803     86.423     0.0017    96.1514    1481.14   82.89236   -6.26450 0.0000e+00
      65323   2131.396   2098.000    -0.6929   2.930773    34.9193    28.0797    10.0791     86.413     0.0023    96.1506    1481.16   82.89236   -6.26450 0.0000e+00
      65347   2132.417   2099.000    -0.6922   2.930871    34.9193    28.0796    10.0836     86.454     0.0022    96.1597    1481.18   82.89236   -6.26450 0.0000e+00
      65370   2133.439   2100.000    -0.6920   2.930936    34.9193    28.0797    10.0700     86.337    -0.0055    96.1627    1481.20   82.89236   -6.26450 0.0000e+00
      65393   2134.459   2101.000    -0.6909   2.931085    34.9195    28.0798    10.0756     86.387    -0.0005    96.1634    1481.23   82.89236   -6.26450 0.0000e+00
      65416   2135.480   2102.000    -0.6899   2.931219    34.9196    28.0799    10.0729     86.367     0.0075    96.1648    1481.25   82.89236   -6.26450 0.0000e+00
      65440   2136.501   2103.000    -0.6894   2.931307    34.9197    28.0799    10.0808     86.436     0.0036    96.1632    1481.27   82.89236   -6.26450 0.0000e+00
      65463   2137.522   2104.000    -0.6891   2.931385    34.9198    28.0800    10.0890     86.507     0.0048    96.1694    1481.29   82.89236   -6.26450 0.0000e+00
      65486   2138.543   2105.000    -0.6889   2.931447    34.9199    28.0800    10.0761     86.397     0.0070    96.1718    1481.30   82.89236   -6.26450 0.0000e+00
      65509   2139.564   2106.000    -0.6887   2.931506    34.9199    28.0800    10.0706     86.350     0.0012    96.1804    1481.32   82.89236   -6.26450 0.0000e+00
      65533   2140.586   2107.000    -0.6898   2.931453    34.9199    28.0801    10.0871     86.489     0.0005    96.1940    1481.33   82.89236   -6.26450 0.0000e+00
      65556   2141.606   2108.000    -0.6915   2.931336    34.9197    28.0800    10.0835     86.455     0.0012    96.1975    1481.34   82.89236   -6.26450 0.0000e+00
      65579   2142.628   2109.000    -0.6917   2.931369    34.9198    28.0801    10.0756     86.387     0.0018    96.1975    1481.36   82.89236   -6.26450 0.0000e+00
      65602   2143.649   2110.000    -0.6927   2.931314    34.9197    28.0800    10.0707     86.342     0.0010    96.1965    1481.37   82.89236   -6.26450 0.0000e+00
      65626   2144.670   2111.000    -0.6927   2.931353    34.9197    28.0801    10.0859     86.472     0.0014    96.1976    1481.39   82.89236   -6.26450 0.0000e+00
      65649   2145.691   2112.000    -0.6927   2.931399    34.9197    28.0800    10.0791     86.414     0.0010    96.1976    1481.41   82.89236   -6.26450 0.0000e+00
      65672   2146.712   2113.000    -0.6926   2.931439    34.9196    28.0800    10.0942     86.543     0.0019    96.1975    1481.42   82.89236   -6.26450 0.0000e+00
      65695   2147.733   2114.000    -0.6924   2.931507    34.9197    28.0801    10.0807     86.428     0.0014    96.1977    1481.44   82.89236   -6.26450 0.0000e+00
      65719   2148.754   2115.000    -0.6915   2.931631    34.9198    28.0801    10.0752     86.383     0.0018    96.1976    1481.47   82.89236   -6.26450 0.0000e+00
      65742   2149.775   2116.000    -0.6899   2.931820    34.9200    28.0802    10.0681     86.326     0.0013    96.1834    1481.49   82.89236   -6.26450 0.0000e+00
      65765   2150.796   2117.000    -0.6915   2.931724    34.9200    28.0803    10.0702     86.341     0.0014    96.1852    1481.50   82.89236   -6.26450 0.0000e+00
      65788   2151.818   2118.000    -0.6923   2.931697    34.9200    28.0803    10.0728     86.361     0.0008    96.1962    1481.51   82.89236   -6.26450 0.0000e+00
      65812   2152.838   2119.000    -0.6927   2.931703    34.9199    28.0803    10.0707     86.342     0.0016    96.1973    1481.53   82.89236   -6.26450 0.0000e+00
      65835   2153.859   2120.000    -0.6935   2.931671    34.9199    28.0803    10.0866     86.477     0.0066    96.1979    1481.54   82.89236   -6.26450 0.0000e+00
      65858   2154.881   2121.000    -0.6943   2.931637    34.9198    28.0803    10.0841     86.453     0.0096    96.1976    1481.56   82.89234   -6.26450 0.0000e+00
      65881   2155.902   2122.000    -0.6956   2.931567    34.9198    28.0802    10.0863     86.469     0.0096    96.1999    1481.57   82.89234   -6.26450 0.0000e+00
      65905   2156.923   2123.000    -0.6958   2.931578    34.9197    28.0802    10.0825     86.436     0.0066    96.2005    1481.58   82.89234   -6.26450 0.0000e+00
      65928   2157.944   2124.000    -0.6968   2.931530    34.9196    28.0802    10.0648     86.282     0.0020    96.1980    1481.60   82.89234   -6.26450 0.0000e+00
      65951   2158.965   2125.000    -0.6983   2.931441    34.9195    28.0802    10.0651     86.281     0.0017    96.1976    1481.61   82.89234   -6.26450 0.0000e+00
      65974   2159.987   2126.000    -0.6989   2.931424    34.9195    28.0802    10.0781     86.390     0.0097    96.1984    1481.62   82.89234   -6.26450 0.0000e+00
      65998   2161.008   2127.000    -0.6983   2.931524    34.9196    28.0802    10.0829     86.434     0.0096    96.1968    1481.64   82.89234   -6.26450 0.0000e+00
      66021   2162.029   2128.000    -0.6981   2.931591    34.9197    28.0803    10.0770     86.383     0.0030    96.1939    1481.66   82.89234   -6.26450 0.0000e+00
      66044   2163.049   2129.000    -0.6975   2.931686    34.9197    28.0804    10.0715     86.338     0.0013    96.1953    1481.68   82.89234   -6.26450 0.0000e+00
      66067   2164.071   2130.000    -0.6971   2.931775    34.9199    28.0805    10.0764     86.381     0.0020    96.1925    1481.70   82.89234   -6.26450 0.0000e+00
      66089   2165.092   2131.000    -0.6965   2.931870    34.9199    28.0805    10.0838     86.446     0.0023    96.1943    1481.72   82.89234   -6.26450 0.0000e+00
      66112   2166.113   2132.000    -0.6960   2.931959    34.9200    28.0806    10.0689     86.319     0.0023    96.1893    1481.74   82.89234   -6.26450 0.0000e+00
