Sta0265.cnv
* Sea-Bird SBE 9 Data File:
* FileName = C:\Seabird\CTDDATA\Sta0265.hex
* Software Version Seasave V 7.26.7.107
* Temperature SN = 03-4535
* Conductivity SN = 2860
* Number of Bytes Per Scan = 38
* Number of Voltage Words = 5
* Number of Scans Averaged by the Deck Unit = 1
* NMEA Latitude = 82 53.62 N
* NMEA Longitude = 006 15.87 W
* NMEA UTC (Time) = Oct 04 2019 00:41:48
* NMEA baud rate = 9600
** Ship: "Kronprins Haakon"
** Station: 265
** Echodepth: 3866
** Log: 8039.242
** Wind-Dir Force(m/s): 08 03
** Air-temp (dry): -8.6
** Weather Sky: 0 9
** Sea Ice: 0 5
# nquan = 15
# nvalues = 3973                        
# units = specified
# name 0 = scan: Scan Count
# name 1 = prDM: Pressure, Digiquartz [db]
# name 2 = depSM: Depth [salt water, m]
# name 3 = t068C: Temperature [IPTS-68, deg C]
# name 4 = c0S/m: Conductivity [S/m]
# name 5 = sal00: Salinity, Practical [PSU]
# name 6 = sigma-é00: Density [sigma-theta, kg/m^3]
# name 7 = sbeox0Mg/L: Oxygen, SBE 43 [mg/l]
# name 8 = sbeox0PS: Oxygen, SBE 43 [% saturation]
# name 9 = flECO-AFL: Fluorescence, WET Labs ECO-AFL/FL [mg/m^3]
# name 10 = CStarTr0: Beam Transmission, WET Labs C-Star [%]
# name 11 = svCM: Sound Velocity [Chen-Millero, m/s]
# name 12 = latitude: Latitude [deg]
# name 13 = longitude: Longitude [deg]
# name 14 = flag: flag
# span 0 =        737,     111029       
# span 1 =      1.011,   4054.142       
# span 2 =      1.000,   3973.000       
# span 3 =    -1.7308,     1.2897       
# span 4 =   2.479716,   3.021848       
# span 5 =    29.7670,    34.9313       
# span 6 =    23.8831,    28.0935       
# span 7 =     8.9929,    14.8386       
# span 8 =     75.427,    121.908       
# span 9 =    -0.0061,     0.2024       
# span 10 =    91.2395,    96.2743      
# span 11 =    1436.58,    1514.50      
# span 12 =   82.89170,   82.89364      
# span 13 =   -6.26496,   -6.26450      
# span 14 = 0.0000e+00, 0.0000e+00      
# interval = meters: 1                  
# start_time = Oct 04 2019 00:41:48 [System UTC, first data scan.]
# bad_flag = -9.990e-29
*END*
[from data line 3761]
     104043   3848.260   3773.000    -0.6472   3.000228    34.9312    28.0933     9.9294     85.240     0.0032    96.1189    1510.83   82.89178   -6.26486 0.0000e+00
     104066   3849.289   3774.000    -0.6471   3.000271    34.9312    28.0933     9.9243     85.196    -0.0012    96.1200    1510.85   82.89178   -6.26488 0.0000e+00
     104089   3850.318   3775.000    -0.6469   3.000325    34.9312    28.0933     9.9163     85.128     0.0002    96.1254    1510.87   82.89178   -6.26488 0.0000e+00
     104113   3851.347   3776.000    -0.6468   3.000361    34.9310    28.0932     9.9246     85.199     0.0013    96.1211    1510.89   82.89178   -6.26488 0.0000e+00
     104136   3852.375   3777.000    -0.6467   3.000413    34.9312    28.0933     9.9267     85.218     0.0001    96.1189    1510.91   82.89178   -6.26488 0.0000e+00
     104159   3853.404   3778.000    -0.6467   3.000461    34.9313    28.0934     9.9375     85.311    -0.0061    96.1214    1510.93   82.89178   -6.26488 0.0000e+00
     104182   3854.433   3779.000    -0.6466   3.000501    34.9312    28.0933     9.9442     85.368     0.0086    96.1035    1510.94   82.89178   -6.26488 0.0000e+00
     104205   3855.462   3780.000    -0.6465   3.000546    34.9312    28.0933     9.9295     85.242     0.0016    96.1057    1510.96   82.89178   -6.26488 0.0000e+00
     104228   3856.491   3781.000    -0.6464   3.000589    34.9312    28.0933     9.9082     85.059     0.0072    96.1189    1510.98   82.89178   -6.26488 0.0000e+00
     104252   3857.520   3782.000    -0.6463   3.000630    34.9311    28.0933     9.9246     85.200     0.0044    96.1211    1511.00   82.89178   -6.26488 0.0000e+00
     104275   3858.549   3783.000    -0.6462   3.000678    34.9311    28.0933     9.9199     85.160     0.0014    96.1212    1511.02   82.89178   -6.26488 0.0000e+00
     104296   3859.578   3784.000    -0.6460   3.000723    34.9311    28.0933     9.9237     85.193     0.0001    96.1273    1511.04   82.89178   -6.26488 0.0000e+00
     104315   3860.607   3785.000    -0.6460   3.000774    34.9313    28.0935     9.9348     85.289     0.0009    96.1210    1511.05   82.89178   -6.26488 0.0000e+00
     104336   3861.637   3786.000    -0.6459   3.000813    34.9312    28.0933     9.9221     85.180     0.0009    96.1212    1511.07   82.89178   -6.26488 0.0000e+00
     104360   3862.665   3787.000    -0.6459   3.000849    34.9311    28.0933     9.9314     85.259     0.0065    96.1200    1511.09   82.89178   -6.26488 0.0000e+00
     104392   3863.694   3788.000    -0.6457   3.000888    34.9310    28.0932     9.9510     85.428     0.0010    96.1197    1511.11   82.89178   -6.26488 0.0000e+00
     104422   3864.723   3789.000    -0.6456   3.000934    34.9310    28.0932     9.9003     84.993     0.0003    96.1201    1511.13   82.89178   -6.26488 0.0000e+00
     104449   3865.752   3790.000    -0.6455   3.000985    34.9311    28.0933     9.8818     84.834     0.0090    96.1201    1511.14   82.89178   -6.26488 0.0000e+00
     104475   3866.782   3791.000    -0.6454   3.001030    34.9311    28.0933     9.8895     84.901    -0.0002    96.1200    1511.16   82.89178   -6.26488 0.0000e+00
     104501   3867.811   3792.000    -0.6453   3.001075    34.9311    28.0933     9.9143     85.114     0.0001    96.1193    1511.18   82.89178   -6.26488 0.0000e+00
     104527   3868.839   3793.000    -0.6452   3.001125    34.9312    28.0933     9.9074     85.055     0.0013    96.0783    1511.20   82.89178   -6.26488 0.0000e+00
     104553   3869.868   3794.000    -0.6452   3.001161    34.9312    28.0934     9.8972     84.968     0.0004    96.1187    1511.22   82.89178   -6.26488 0.0000e+00
     104582   3870.898   3795.000    -0.6451   3.001195    34.9310    28.0932     9.9114     85.089     0.0008    96.1178    1511.24   82.89178   -6.26488 0.0000e+00
     104621   3871.927   3796.000    -0.6451   3.001238    34.9311    28.0932     9.9062     85.045     0.0064    96.1296    1511.25   82.89178   -6.26488 0.0000e+00
     104663   3872.956   3797.000    -0.6450   3.001275    34.9310    28.0932     9.8676     84.713     0.0065    96.1276    1511.27   82.89178   -6.26488 0.0000e+00
     104703   3873.985   3798.000    -0.6449   3.001328    34.9311    28.0933     9.8497     84.561     0.0014    96.1214    1511.29   82.89178   -6.26488 0.0000e+00
     104744   3875.014   3799.000    -0.6448   3.001366    34.9310    28.0932     9.8885     84.893     0.0009    96.1174    1511.31   82.89178   -6.26488 0.0000e+00
     104970   3876.043   3800.000    -0.6447   3.001411    34.9310    28.0932     9.8669     84.709     0.0025    96.1246    1511.33   82.89177   -6.26488 0.0000e+00
     105319   3877.072   3801.000    -0.6445   3.001466    34.9311    28.0933     9.8521     84.582     0.0012    96.1300    1511.35   82.89176   -6.26488 0.0000e+00
     105352   3878.101   3802.000    -0.6445   3.001512    34.9312    28.0933     9.8762     84.789     0.0008    96.1233    1511.36   82.89176   -6.26488 0.0000e+00
     105384   3879.130   3803.000    -0.6444   3.001550    34.9312    28.0933     9.9011     85.003     0.0009    96.1301    1511.38   82.89176   -6.26488 0.0000e+00
     105416   3880.159   3804.000    -0.6444   3.001588    34.9311    28.0933     9.9094     85.074     0.0014    96.1203    1511.40   82.89176   -6.26488 0.0000e+00
     105446   3881.188   3805.000    -0.6443   3.001635    34.9311    28.0933     9.9013     85.005     0.0018    96.1191    1511.42   82.89176   -6.26488 0.0000e+00
     105475   3882.218   3806.000    -0.6442   3.001686    34.9312    28.0934     9.8911     84.917     0.0034    96.1191    1511.44   82.89176   -6.26488 0.0000e+00
     105503   3883.247   3807.000    -0.6441   3.001728    34.9312    28.0934     9.8899     84.907     0.0065    96.1191    1511.45   82.89176   -6.26488 0.0000e+00
     105529   3884.276   3808.000    -0.6440   3.001770    34.9313    28.0934     9.9002     84.996     0.0016    96.1275    1511.47   82.89176   -6.26488 0.0000e+00
     105557   3885.305   3809.000    -0.6439   3.001812    34.9312    28.0934     9.9039     85.028     0.0012    96.1280    1511.49   82.89176   -6.26488 0.0000e+00
     105585   3886.334   3810.000    -0.6439   3.001853    34.9312    28.0933     9.9059     85.045     0.0021    96.1257    1511.51   82.89176   -6.26488 0.0000e+00
     105615   3887.363   3811.000    -0.6437   3.001899    34.9312    28.0933     9.8955     84.956     0.0016    96.1185    1511.53   82.89176   -6.26488 0.0000e+00
     105644   3888.392   3812.000    -0.6436   3.001946    34.9312    28.0933     9.9067     85.052     0.0016    96.1200    1511.55   82.89176   -6.26488 0.0000e+00
     105674   3889.421   3813.000    -0.6436   3.001982    34.9311    28.0933     9.8993     84.989     0.0009    96.1214    1511.56   82.89176   -6.26488 0.0000e+00
     105704   3890.450   3814.000    -0.6434   3.002029    34.9311    28.0932     9.9088     85.071     0.0007    96.1248    1511.58   82.89176   -6.26488 0.0000e+00
     105733   3891.479   3815.000    -0.6434   3.002077    34.9312    28.0933     9.8948     84.951     0.0026    96.1259    1511.60   82.89176   -6.26488 0.0000e+00
     105760   3892.509   3816.000    -0.6433   3.002129    34.9313    28.0935     9.9070     85.056     0.0072    96.1391    1511.62   82.89176   -6.26488 0.0000e+00
     105788   3893.538   3817.000    -0.6433   3.002167    34.9313    28.0934     9.9183     85.153     0.0010    96.1265    1511.64   82.89176   -6.26488 0.0000e+00
     105817   3894.567   3818.000    -0.6432   3.002199    34.9312    28.0934     9.9014     85.008     0.0013    96.1389    1511.66   82.89176   -6.26488 0.0000e+00
     105845   3895.596   3819.000    -0.6431   3.002241    34.9311    28.0933     9.8923     84.930     0.0018    96.1219    1511.67   82.89176   -6.26488 0.0000e+00
     105873   3896.625   3820.000    -0.6430   3.002295    34.9312    28.0934     9.9011     85.006     0.0011    96.1237    1511.69   82.89176   -6.26488 0.0000e+00
     105902   3897.654   3821.000    -0.6429   3.002332    34.9312    28.0933     9.9207     85.174     0.0010    96.1244    1511.71   82.89176   -6.26488 0.0000e+00
     105930   3898.683   3822.000    -0.6427   3.002382    34.9312    28.0934     9.9043     85.035     0.0013    96.1225    1511.73   82.89176   -6.26488 0.0000e+00
     105959   3899.713   3823.000    -0.6426   3.002422    34.9311    28.0933     9.9129     85.108     0.0078    96.1072    1511.75   82.89176   -6.26488 0.0000e+00
     105987   3900.742   3824.000    -0.6426   3.002472    34.9313    28.0934     9.9068     85.056     0.0026    96.1191    1511.77   82.89176   -6.26488 0.0000e+00
     106015   3901.771   3825.000    -0.6425   3.002517    34.9312    28.0934     9.8998     84.996    -0.0003    96.1286    1511.78   82.89176   -6.26488 0.0000e+00
     106044   3902.800   3826.000    -0.6424   3.002556    34.9312    28.0934     9.9203     85.172     0.0009    96.1222    1511.80   82.89176   -6.26490 0.0000e+00
     106072   3903.829   3827.000    -0.6423   3.002599    34.9312    28.0933     9.9232     85.197     0.0008    96.1247    1511.82   82.89176   -6.26490 0.0000e+00
     106101   3904.859   3828.000    -0.6422   3.002646    34.9312    28.0934     9.9085     85.071     0.0012    96.1244    1511.84   82.89176   -6.26490 0.0000e+00
     106129   3905.888   3829.000    -0.6421   3.002691    34.9312    28.0934     9.8873     84.889    -0.0007    96.1238    1511.86   82.89176   -6.26490 0.0000e+00
     106158   3906.917   3830.000    -0.6420   3.002733    34.9312    28.0934     9.9057     85.048     0.0006    96.1200    1511.88   82.89176   -6.26490 0.0000e+00
     106187   3907.946   3831.000    -0.6419   3.002780    34.9312    28.0934     9.9082     85.069     0.0014    96.1190    1511.89   82.89176   -6.26490 0.0000e+00
     106215   3908.976   3832.000    -0.6419   3.002821    34.9312    28.0934     9.9077     85.066     0.0015    96.1266    1511.91   82.89176   -6.26490 0.0000e+00
     106244   3910.005   3833.000    -0.6418   3.002864    34.9312    28.0933     9.8942     84.950     0.0011    96.1293    1511.93   82.89176   -6.26490 0.0000e+00
     106273   3911.034   3834.000    -0.6417   3.002906    34.9312    28.0933     9.9226     85.194     0.0075    96.1230    1511.95   82.89176   -6.26490 0.0000e+00
     106302   3912.063   3835.000    -0.6416   3.002951    34.9312    28.0933     9.8720     84.759     0.0015    96.1265    1511.97   82.89176   -6.26490 0.0000e+00
     106330   3913.093   3836.000    -0.6415   3.003002    34.9313    28.0934     9.9303     85.260     0.0082    96.1183    1511.99   82.89176   -6.26490 0.0000e+00
     106360   3914.122   3837.000    -0.6414   3.003043    34.9312    28.0934     9.9172     85.148     0.0017    96.1260    1512.00   82.89176   -6.26490 0.0000e+00
     106389   3915.151   3838.000    -0.6413   3.003089    34.9312    28.0934     9.9101     85.088     0.0004    96.1245    1512.02   82.89176   -6.26490 0.0000e+00
     106418   3916.180   3839.000    -0.6412   3.003133    34.9312    28.0934     9.9186     85.161     0.0010    96.1321    1512.04   82.89176   -6.26490 0.0000e+00
     106447   3917.209   3840.000    -0.6411   3.003180    34.9313    28.0935     9.8942     84.951    -0.0000    96.1212    1512.06   82.89176   -6.26490 0.0000e+00
     106476   3918.239   3841.000    -0.6410   3.003222    34.9313    28.0934     9.8976     84.980     0.0006    96.1333    1512.08   82.89176   -6.26490 0.0000e+00
     106505   3919.268   3842.000    -0.6409   3.003268    34.9313    28.0934     9.9256     85.222     0.0016    96.1192    1512.10   82.89176   -6.26490 0.0000e+00
     106534   3920.297   3843.000    -0.6407   3.003314    34.9312    28.0934     9.8921     84.934     0.0121    96.1200    1512.11   82.89176   -6.26490 0.0000e+00
     106563   3921.326   3844.000    -0.6406   3.003354    34.9311    28.0933     9.9005     85.006     0.0032    96.1155    1512.13   82.89176   -6.26490 0.0000e+00
     106592   3922.356   3845.000    -0.6405   3.003398    34.9312    28.0933     9.9033     85.030     0.0018    96.1137    1512.15   82.89176   -6.26490 0.0000e+00
     106621   3923.385   3846.000    -0.6405   3.003444    34.9312    28.0934     9.9122     85.107     0.0016    96.1242    1512.17 -9.990e-29   -6.26490 0.0000e+00
     106650   3924.414   3847.000    -0.6403   3.003490    34.9312    28.0934     9.8988     84.992     0.0018    96.1210    1512.19 -9.990e-29   -6.26490 0.0000e+00
     106679   3925.443   3848.000    -0.6402   3.003533    34.9312    28.0934     9.9017     85.017     0.0015    96.1200    1512.21 -9.990e-29   -6.26490 0.0000e+00
     106708   3926.473   3849.000    -0.6401   3.003578    34.9312    28.0934     9.9183     85.160     0.0021    96.1218    1512.22   82.89174   -6.26490 0.0000e+00
     106737   3927.503   3850.000    -0.6400   3.003625    34.9312    28.0934     9.9079     85.071     0.0021    96.1236    1512.24   82.89174   -6.26490 0.0000e+00
     106766   3928.532   3851.000    -0.6399   3.003670    34.9312    28.0934     9.8637     84.692     0.0016    96.1217    1512.26   82.89174   -6.26490 0.0000e+00
     106795   3929.561   3852.000    -0.6398   3.003712    34.9312    28.0934     9.9220     85.193     0.0002    96.1200    1512.28   82.89174   -6.26490 0.0000e+00
     106824   3930.590   3853.000    -0.6397   3.003759    34.9312    28.0934     9.9223     85.196     0.0011    96.1209    1512.30   82.89174   -6.26490 0.0000e+00
     106853   3931.620   3854.000    -0.6396   3.003802    34.9312    28.0934     9.8905     84.923     0.0006    96.1236    1512.32   82.89174   -6.26490 0.0000e+00
     106882   3932.649   3855.000    -0.6395   3.003848    34.9312    28.0934     9.9133     85.118     0.0078    96.1178    1512.33   82.89174   -6.26490 0.0000e+00
     106911   3933.678   3856.000    -0.6394   3.003893    34.9312    28.0934     9.8887     84.908     0.0014    96.1269    1512.35   82.89174   -6.26490 0.0000e+00
     106940   3934.708   3857.000    -0.6393   3.003941    34.9312    28.0933     9.9094     85.086     0.0008    96.1200    1512.37   82.89174   -6.26490 0.0000e+00
     106969   3935.737   3858.000    -0.6392   3.003983    34.9312    28.0934     9.9067     85.062     0.0011    96.1048    1512.39   82.89174   -6.26490 0.0000e+00
     106998   3936.766   3859.000    -0.6392   3.004027    34.9313    28.0934     9.9060     85.057     0.0091    96.1192    1512.41   82.89174   -6.26490 0.0000e+00
     107027   3937.795   3860.000    -0.6390   3.004071    34.9312    28.0934     9.8997     85.003     0.0066    96.1209    1512.43   82.89174   -6.26490 0.0000e+00
     107056   3938.825   3861.000    -0.6389   3.004111    34.9311    28.0933     9.8643     84.699     0.0071    96.1247    1512.44   82.89174   -6.26490 0.0000e+00
     107085   3939.854   3862.000    -0.6388   3.004159    34.9312    28.0933     9.9288     85.254     0.0031    96.1272    1512.46   82.89174   -6.26490 0.0000e+00
     107114   3940.883   3863.000    -0.6388   3.004204    34.9312    28.0934     9.8961     84.973     0.0017    96.1249    1512.48   82.89174   -6.26490 0.0000e+00
     107143   3941.913   3864.000    -0.6387   3.004242    34.9312    28.0934     9.9204     85.181     0.0023    96.1220    1512.50   82.89174   -6.26490 0.0000e+00
     107172   3942.943   3865.000    -0.6386   3.004292    34.9313    28.0934     9.9019     85.023     0.0021    96.1227    1512.52   82.89174   -6.26490 0.0000e+00
     107201   3943.972   3866.000    -0.6385   3.004339    34.9313    28.0934     9.8968     84.979     0.0036    96.1218    1512.54   82.89174   -6.26490 0.0000e+00
     107230   3945.001   3867.000    -0.6384   3.004379    34.9312    28.0934     9.9035     85.037     0.0063    96.1185    1512.55   82.89174   -6.26490 0.0000e+00
