Sta0262.cnv
* Sea-Bird SBE 9 Data File:
* FileName = C:\Seabird\CTDDATA\Sta0262.hex
* Software Version Seasave V 7.26.7.107
* Temperature SN = 03-4535
* Conductivity SN = 2860
* Number of Bytes Per Scan = 44
* Number of Voltage Words = 5
* Number of Scans Averaged by the Deck Unit = 1
* NMEA Latitude = 82 53.96 N
* NMEA Longitude = 006 16.74 W
* NMEA UTC (Time) = Sep 30 2019 14:13:00
* NMEA baud rate = 9600
** Ship: "Kronprins Haakon"
** Station: 262
** Echodepth: 3800
** Log: 7972.744
** Wind-Dir Force(m/s): 18 10
** Air-temp (dry): -7.9
** Weather Sky: 1 2
** Sea Ice: 0 4
# nquan = 15
# nvalues = 4012                        
# units = specified
# name 0 = scan: Scan Count
# name 1 = prDM: Pressure, Digiquartz [db]
# name 2 = depSM: Depth [salt water, m]
# name 3 = t068C: Temperature [IPTS-68, deg C]
# name 4 = c0S/m: Conductivity [S/m]
# name 5 = sal00: Salinity, Practical [PSU]
# name 6 = sigma-é00: Density [sigma-theta, kg/m^3]
# name 7 = sbeox0Mg/L: Oxygen, SBE 43 [mg/l]
# name 8 = sbeox0PS: Oxygen, SBE 43 [% saturation]
# name 9 = flECO-AFL: Fluorescence, WET Labs ECO-AFL/FL [mg/m^3]
# name 10 = CStarTr0: Beam Transmission, WET Labs C-Star [%]
# name 11 = svCM: Sound Velocity [Chen-Millero, m/s]
# name 12 = latitude: Latitude [deg]
# name 13 = longitude: Longitude [deg]
# name 14 = flag: flag
# span 0 =        859,     146672       
# span 1 =      6.065,   4099.462       
# span 2 =      6.000,   4017.000       
# span 3 =    -1.7295,     1.2897       
# span 4 =   2.512472,   3.020642       
# span 5 =    31.6060,    34.9308       
# span 6 =    25.4204,    28.0929       
# span 7 =     9.8570,    13.6657       
# span 8 =     84.653,    111.343       
# span 9 =    -0.0138,     0.2071       
# span 10 =    94.6004,    97.0194      
# span 11 =    1436.52,    1515.32      
# span 12 =   82.89942,   82.90732      
# span 13 =   -6.27884,   -6.25064      
# span 14 = 0.0000e+00, 0.0000e+00      
# interval = meters: 1                  
# start_time = Sep 30 2019 14:13:00 [System UTC, first data scan.]
# bad_flag = -9.990e-29
*END*
[from data line 3470]
     124417   3542.871   3476.000    -0.6701   2.987335    34.9304    28.0924    10.0128     85.904     0.0014    96.5950    1505.44   82.90594   -6.25426 0.0000e+00
     124448   3543.899   3477.000    -0.6701   2.987378    34.9305    28.0925     9.9901     85.709     0.0068    96.6053    1505.45   82.90594   -6.25426 0.0000e+00
     124479   3544.927   3478.000    -0.6699   2.987427    34.9305    28.0925     9.9722     85.555     0.0075    96.6042    1505.47   82.90595   -6.25424 0.0000e+00
     124510   3545.954   3479.000    -0.6700   2.987462    34.9304    28.0925     9.9945     85.746     0.0075    96.5851    1505.49   82.90596   -6.25424 0.0000e+00
     124542   3546.982   3480.000    -0.6700   2.987497    34.9305    28.0925     9.9849     85.664     0.0021    96.5961    1505.51   82.90596   -6.25424 0.0000e+00
     124573   3548.009   3481.000    -0.6699   2.987532    34.9304    28.0925     9.9669     85.510     0.0085    96.5971    1505.53   82.90596   -6.25423 0.0000e+00
     124604   3549.037   3482.000    -0.6699   2.987584    34.9305    28.0925    10.0007     85.800     0.0011    96.5981    1505.54   82.90596   -6.25422 0.0000e+00
     124635   3550.064   3483.000    -0.6697   2.987639    34.9305    28.0925     9.9703     85.540     0.0015    96.5933    1505.56   82.90596 -9.990e-29 0.0000e+00
     124666   3551.092   3484.000    -0.6695   2.987689    34.9305    28.0925     9.9612     85.462     0.0013    96.5958    1505.58   82.90596 -9.990e-29 0.0000e+00
     124698   3552.120   3485.000    -0.6695   2.987730    34.9305    28.0925     9.9863     85.677     0.0076    96.5975    1505.60   82.90596   -6.25420 0.0000e+00
     124729   3553.147   3486.000    -0.6694   2.987772    34.9305    28.0925     9.9643     85.489     0.0007    96.5933    1505.62   82.90596   -6.25420 0.0000e+00
     124760   3554.175   3487.000    -0.6692   2.987824    34.9305    28.0925     9.9731     85.564     0.0044    96.6000    1505.64   82.90596   -6.25420 0.0000e+00
     124791   3555.202   3488.000    -0.6690   2.987881    34.9305    28.0925     9.9941     85.745     0.0058    96.6067    1505.65   82.90596   -6.25420 0.0000e+00
     124822   3556.230   3489.000    -0.6690   2.987919    34.9305    28.0925     9.9843     85.661     0.0069    96.5941    1505.67   82.90596   -6.25419 0.0000e+00
     124854   3557.257   3490.000    -0.6689   2.987964    34.9305    28.0925     9.9624     85.474     0.0020    96.6077    1505.69   82.90596   -6.25418 0.0000e+00
     124885   3558.285   3491.000    -0.6688   2.987996    34.9303    28.0924     9.9890     85.702     0.0006    96.6083    1505.71   82.90598   -6.25418 0.0000e+00
     124916   3559.313   3492.000    -0.6688   2.988043    34.9304    28.0925     9.9792     85.618     0.0051    96.6042    1505.73   82.90598   -6.25418 0.0000e+00
     124947   3560.340   3493.000    -0.6686   2.988100    34.9305    28.0925    10.0074     85.860     0.0088    96.6022    1505.75   82.90598   -6.25416 0.0000e+00
     124979   3561.368   3494.000    -0.6684   2.988146    34.9304    28.0924     9.9805     85.630     0.0010    96.6075    1505.76   82.90598   -6.25416 0.0000e+00
     125012   3562.395   3495.000    -0.6680   2.988226    34.9305    28.0925     9.9699     85.540     0.0015    96.6006    1505.78   82.90598   -6.25416 0.0000e+00
     125046   3563.423   3496.000    -0.6676   2.988281    34.9303    28.0924     9.9729     85.567     0.0065    96.6058    1505.80   82.90598   -6.25416 0.0000e+00
     125082   3564.451   3497.000    -0.6672   2.988358    34.9304    28.0924     9.9722     85.561     0.0011    96.6072    1505.82   82.90598   -6.25414 0.0000e+00
     125119   3565.479   3498.000    -0.6673   2.988397    34.9305    28.0925     9.9836     85.659     0.0005    96.6040    1505.84   82.90600   -6.25414 0.0000e+00
     125157   3566.506   3499.000    -0.6675   2.988413    34.9304    28.0925     9.9706     85.547     0.0011    96.5975    1505.86   82.90600   -6.25414 0.0000e+00
     125196   3567.534   3500.000    -0.6677   2.988426    34.9304    28.0925     9.9628     85.479     0.0003    96.5827    1505.87   82.90600   -6.25413 0.0000e+00
     130253   3568.561   3501.000    -0.6684   2.988404    34.9303    28.0924     9.9104     85.028     0.0003    96.6261    1505.89   82.90630   -6.25342 0.0000e+00
     133640   3569.589   3502.000    -0.6679   2.988504    34.9307    28.0927     9.9134     85.056    -0.0050    96.6112    1505.91   82.90651   -6.25275 0.0000e+00
     133518   3570.617   3503.000    -0.6678   2.988554    34.9307    28.0927     9.9484     85.357    -0.0002    96.6075    1505.93   82.90650   -6.25278 0.0000e+00
     133538   3571.644   3504.000    -0.6676   2.988607    34.9307    28.0927     9.9724     85.562     0.0001    96.6092    1505.95   82.90650   -6.25278 0.0000e+00
     133558   3572.672   3505.000    -0.6675   2.988653    34.9307    28.0927     9.9882     85.698     0.0007    96.5977    1505.96   82.90650   -6.25277 0.0000e+00
     133578   3573.700   3506.000    -0.6675   2.988686    34.9307    28.0927    10.0258     86.020     0.0002    96.5961    1505.98   82.90650   -6.25276 0.0000e+00
     133600   3574.728   3507.000    -0.6675   2.988725    34.9307    28.0927    10.0398     86.141    -0.0003    96.5933    1506.00   82.90650   -6.25276 0.0000e+00
     133622   3575.755   3508.000    -0.6675   2.988756    34.9306    28.0926    10.0173     85.947    -0.0006    96.5960    1506.02   82.90650   -6.25276 0.0000e+00
     133645   3576.783   3509.000    -0.6671   2.988828    34.9306    28.0926    10.0236     86.002     0.0012    96.6051    1506.04   82.90650   -6.25276 0.0000e+00
     133668   3577.811   3510.000    -0.6671   2.988876    34.9307    28.0927    10.0167     85.943     0.0003    96.6023    1506.06   82.90650   -6.25276 0.0000e+00
     133691   3578.839   3511.000    -0.6670   2.988915    34.9306    28.0927     9.9976     85.780    -0.0001    96.6091    1506.07   82.90650   -6.25274 0.0000e+00
     133714   3579.866   3512.000    -0.6669   2.988956    34.9306    28.0926     9.9916     85.728    -0.0001    96.6001    1506.09 -9.990e-29   -6.25274 0.0000e+00
     133737   3580.894   3513.000    -0.6668   2.989012    34.9307    28.0927     9.9811     85.639    -0.0000    96.5947    1506.11 -9.990e-29   -6.25274 0.0000e+00
     133759   3581.922   3514.000    -0.6666   2.989061    34.9307    28.0927    10.0024     85.822     0.0013    96.5665    1506.13 -9.990e-29   -6.25274 0.0000e+00
     133782   3582.949   3515.000    -0.6666   2.989096    34.9306    28.0926    10.0138     85.919    -0.0013    96.5890    1506.15 -9.990e-29   -6.25274 0.0000e+00
     133805   3583.977   3516.000    -0.6666   2.989137    34.9307    28.0927     9.9973     85.779     0.0009    96.5897    1506.16   82.90652   -6.25272 0.0000e+00
     133828   3585.005   3517.000    -0.6666   2.989167    34.9306    28.0926    10.0338     86.091     0.0007    96.5937    1506.18   82.90652   -6.25272 0.0000e+00
     133850   3586.033   3518.000    -0.6666   2.989205    34.9306    28.0926     9.9752     85.589     0.0088    96.5876    1506.20   82.90652   -6.25272 0.0000e+00
     133873   3587.060   3519.000    -0.6666   2.989247    34.9307    28.0927    10.0043     85.839     0.0096    96.5908    1506.22   82.90652   -6.25272 0.0000e+00
     133896   3588.088   3520.000    -0.6664   2.989306    34.9308    28.0927    10.0137     85.920     0.0046    96.5894    1506.24   82.90652   -6.25272 0.0000e+00
     133919   3589.116   3521.000    -0.6662   2.989346    34.9305    28.0926    10.0247     86.014     0.0016    96.5867    1506.25   82.90652   -6.25272 0.0000e+00
     133941   3590.144   3522.000    -0.6660   2.989399    34.9306    28.0926    10.0257     86.023     0.0017    96.5912    1506.27   82.90652   -6.25271 0.0000e+00
     133964   3591.171   3523.000    -0.6661   2.989439    34.9307    28.0927    10.0221     85.993     0.0073    96.5872    1506.29   82.90653   -6.25270 0.0000e+00
     133987   3592.199   3524.000    -0.6659   2.989486    34.9306    28.0927    10.0261     86.027    -0.0005    96.5925    1506.31   82.90654   -6.25270 0.0000e+00
     134010   3593.227   3525.000    -0.6658   2.989525    34.9306    28.0926    10.0100     85.889    -0.0063    96.5857    1506.33   82.90654   -6.25270 0.0000e+00
     134033   3594.255   3526.000    -0.6658   2.989579    34.9307    28.0927    10.0264     86.029    -0.0003    96.5858    1506.35   82.90654   -6.25270 0.0000e+00
     134055   3595.283   3527.000    -0.6654   2.989647    34.9307    28.0927    10.0206     85.981     0.0003    96.5869    1506.36   82.90654   -6.25269 0.0000e+00
     134078   3596.310   3528.000    -0.6654   2.989675    34.9306    28.0926    10.0021     85.822     0.0055    96.5891    1506.38   82.90654   -6.25268 0.0000e+00
     134101   3597.338   3529.000    -0.6652   2.989732    34.9307    28.0927    10.0037     85.837     0.0051    96.5870    1506.40   82.90654   -6.25268 0.0000e+00
     134124   3598.366   3530.000    -0.6651   2.989780    34.9306    28.0926    10.0460     86.199    -0.0013    96.5869    1506.42   82.90654   -6.25268 0.0000e+00
     134146   3599.394   3531.000    -0.6649   2.989821    34.9305    28.0925    10.0198     85.975     0.0006    96.5838    1506.44   82.90654   -6.25268 0.0000e+00
     134169   3600.422   3532.000    -0.6648   2.989878    34.9306    28.0926    10.0126     85.913    -0.0005    96.5799    1506.46   82.90654   -6.25268 0.0000e+00
     134192   3601.449   3533.000    -0.6647   2.989921    34.9306    28.0926    10.0367     86.121    -0.0013    96.5680    1506.48   82.90654   -6.25266 0.0000e+00
     134214   3602.477   3534.000    -0.6646   2.989972    34.9306    28.0926    10.0425     86.171    -0.0017    96.5834    1506.49   82.90654   -6.25266 0.0000e+00
     134237   3603.505   3535.000    -0.6645   2.990016    34.9307    28.0927    10.0286     86.051     0.0001    96.5801    1506.51   82.90654   -6.25266 0.0000e+00
     134260   3604.532   3536.000    -0.6643   2.990059    34.9305    28.0925    10.0154     85.939     0.0004    96.5693    1506.53   82.90654   -6.25266 0.0000e+00
     134283   3605.560   3537.000    -0.6642   2.990112    34.9307    28.0927    10.0268     86.037     0.0007    96.5618    1506.55   82.90654   -6.25266 0.0000e+00
     134305   3606.588   3538.000    -0.6642   2.990157    34.9307    28.0927    10.0135     85.922     0.0013    96.5628    1506.57   82.90654   -6.25266 0.0000e+00
     134328   3607.617   3539.000    -0.6640   2.990202    34.9307    28.0927    10.0087     85.882     0.0010    96.5599    1506.58 -9.990e-29   -6.25265 0.0000e+00
     134351   3608.644   3540.000    -0.6639   2.990254    34.9307    28.0927     9.9969     85.781    -0.0008    96.5589    1506.60 -9.990e-29   -6.25264 0.0000e+00
     134374   3609.672   3541.000    -0.6638   2.990292    34.9306    28.0926    10.0172     85.956    -0.0014    96.5612    1506.62 -9.990e-29   -6.25264 0.0000e+00
     134396   3610.700   3542.000    -0.6638   2.990334    34.9307    28.0926    10.0425     86.172    -0.0002    96.5622    1506.64   82.90656   -6.25264 0.0000e+00
     134419   3611.728   3543.000    -0.6636   2.990385    34.9307    28.0926    10.0202     85.982     0.0058    96.5611    1506.66   82.90656   -6.25264 0.0000e+00
     134442   3612.755   3544.000    -0.6636   2.990418    34.9306    28.0926    10.0082     85.878     0.0046    96.5578    1506.67   82.90656   -6.25263 0.0000e+00
     134465   3613.783   3545.000    -0.6635   2.990468    34.9307    28.0927    10.0340     86.100    -0.0006    96.5577    1506.69   82.90656   -6.25262 0.0000e+00
     134487   3614.811   3546.000    -0.6634   2.990512    34.9307    28.0927    10.0359     86.116     0.0013    96.5600    1506.71   82.90656   -6.25262 0.0000e+00
     134510   3615.839   3547.000    -0.6633   2.990556    34.9307    28.0926    10.0096     85.891     0.0090    96.5578    1506.73   82.90656   -6.25262 0.0000e+00
     134533   3616.867   3548.000    -0.6632   2.990602    34.9307    28.0927    10.0266     86.037     0.0001    96.5600    1506.75 -9.990e-29   -6.25262 0.0000e+00
     134556   3617.895   3549.000    -0.6631   2.990651    34.9306    28.0926    10.0193     85.975    -0.0017    96.5600    1506.77 -9.990e-29   -6.25262 0.0000e+00
     134578   3618.923   3550.000    -0.6629   2.990706    34.9307    28.0926    10.0148     85.937    -0.0009    96.5589    1506.79 -9.990e-29   -6.25262 0.0000e+00
     134601   3619.951   3551.000    -0.6629   2.990734    34.9306    28.0926    10.0259     86.032    -0.0005    96.5600    1506.80   82.90658   -6.25260 0.0000e+00
     134624   3620.979   3552.000    -0.6628   2.990786    34.9307    28.0926    10.0450     86.196     0.0004    96.5416    1506.82   82.90658   -6.25260 0.0000e+00
     134648   3622.007   3553.000    -0.6629   2.990816    34.9307    28.0927     9.9953     85.769    -0.0007    96.5542    1506.84   82.90658   -6.25260 0.0000e+00
     134671   3623.035   3554.000    -0.6639   2.990757    34.9305    28.0926    10.0398     86.149    -0.0004    96.5589    1506.85   82.90658   -6.25260 0.0000e+00
     134694   3624.062   3555.000    -0.6634   2.990832    34.9305    28.0926    10.0245     86.019     0.0006    96.5620    1506.87   82.90658   -6.25260 0.0000e+00
     134717   3625.090   3556.000    -0.6636   2.990856    34.9306    28.0926    10.0001     85.809     0.0007    96.5473    1506.89   82.90658   -6.25258 0.0000e+00
     134740   3626.118   3557.000    -0.6634   2.990907    34.9305    28.0926    10.0257     86.029    -0.0011    96.5590    1506.91   82.90658   -6.25258 0.0000e+00
     134763   3627.146   3558.000    -0.6634   2.990956    34.9306    28.0927    10.0380     86.135    -0.0003    96.5645    1506.92   82.90658   -6.25258 0.0000e+00
     134786   3628.174   3559.000    -0.6632   2.991006    34.9306    28.0927    10.0372     86.129     0.0007    96.5681    1506.94   82.90658   -6.25258 0.0000e+00
     134809   3629.202   3560.000    -0.6630   2.991051    34.9305    28.0926     9.9971     85.784    -0.0012    96.5800    1506.96   82.90658   -6.25258 0.0000e+00
     134832   3630.230   3561.000    -0.6632   2.991078    34.9305    28.0926    10.0440     86.187    -0.0003    96.5805    1506.98   82.90658   -6.25258 0.0000e+00
     134855   3631.258   3562.000    -0.6632   2.991106    34.9304    28.0925    10.0263     86.035    -0.0015    96.5729    1507.00   82.90658   -6.25257 0.0000e+00
     134878   3632.286   3563.000    -0.6626   2.991196    34.9305    28.0926    10.0060     85.862     0.0002    96.5847    1507.02   82.90658   -6.25256 0.0000e+00
     134902   3633.314   3564.000    -0.6623   2.991267    34.9306    28.0926    10.0303     86.071     0.0091    96.5869    1507.04   82.90658   -6.25256 0.0000e+00
     134925   3634.342   3565.000    -0.6626   2.991271    34.9305    28.0926    10.0325     86.090     0.0096    96.5850    1507.05   82.90658   -6.25256 0.0000e+00
     134948   3635.370   3566.000    -0.6625   2.991321    34.9306    28.0926    10.0395     86.150     0.0016    96.5882    1507.07   82.90659   -6.25256 0.0000e+00
     134971   3636.398   3567.000    -0.6624   2.991362    34.9305    28.0926    10.0254     86.029     0.0069    96.5876    1507.09   82.90660   -6.25255 0.0000e+00
     134994   3637.426   3568.000    -0.6623   2.991420    34.9306    28.0927    10.0034     85.840     0.0026    96.5959    1507.11   82.90660   -6.25254 0.0000e+00
     135017   3638.454   3569.000    -0.6620   2.991471    34.9306    28.0926    10.0150     85.940    -0.0019    96.5870    1507.13   82.90660   -6.25254 0.0000e+00
     135040   3639.482   3570.000    -0.6619   2.991522    34.9305    28.0926    10.0175     85.962    -0.0004    96.5892    1507.15   82.90660   -6.25254 0.0000e+00
     135063   3640.510   3571.000    -0.6618   2.991559    34.9306    28.0926    10.0015     85.825    -0.0006    96.5895    1507.16   82.90660   -6.25254 0.0000e+00
