Sta0262.cnv
* Sea-Bird SBE 9 Data File:
* FileName = C:\Seabird\CTDDATA\Sta0262.hex
* Software Version Seasave V 7.26.7.107
* Temperature SN = 03-4535
* Conductivity SN = 2860
* Number of Bytes Per Scan = 44
* Number of Voltage Words = 5
* Number of Scans Averaged by the Deck Unit = 1
* NMEA Latitude = 82 53.96 N
* NMEA Longitude = 006 16.74 W
* NMEA UTC (Time) = Sep 30 2019 14:13:00
* NMEA baud rate = 9600
** Ship: "Kronprins Haakon"
** Station: 262
** Echodepth: 3800
** Log: 7972.744
** Wind-Dir Force(m/s): 18 10
** Air-temp (dry): -7.9
** Weather Sky: 1 2
** Sea Ice: 0 4
# nquan = 15
# nvalues = 4012                        
# units = specified
# name 0 = scan: Scan Count
# name 1 = prDM: Pressure, Digiquartz [db]
# name 2 = depSM: Depth [salt water, m]
# name 3 = t068C: Temperature [IPTS-68, deg C]
# name 4 = c0S/m: Conductivity [S/m]
# name 5 = sal00: Salinity, Practical [PSU]
# name 6 = sigma-é00: Density [sigma-theta, kg/m^3]
# name 7 = sbeox0Mg/L: Oxygen, SBE 43 [mg/l]
# name 8 = sbeox0PS: Oxygen, SBE 43 [% saturation]
# name 9 = flECO-AFL: Fluorescence, WET Labs ECO-AFL/FL [mg/m^3]
# name 10 = CStarTr0: Beam Transmission, WET Labs C-Star [%]
# name 11 = svCM: Sound Velocity [Chen-Millero, m/s]
# name 12 = latitude: Latitude [deg]
# name 13 = longitude: Longitude [deg]
# name 14 = flag: flag
# span 0 =        859,     146672       
# span 1 =      6.065,   4099.462       
# span 2 =      6.000,   4017.000       
# span 3 =    -1.7295,     1.2897       
# span 4 =   2.512472,   3.020642       
# span 5 =    31.6060,    34.9308       
# span 6 =    25.4204,    28.0929       
# span 7 =     9.8570,    13.6657       
# span 8 =     84.653,    111.343       
# span 9 =    -0.0138,     0.2071       
# span 10 =    94.6004,    97.0194      
# span 11 =    1436.52,    1515.32      
# span 12 =   82.89942,   82.90732      
# span 13 =   -6.27884,   -6.25064      
# span 14 = 0.0000e+00, 0.0000e+00      
# interval = meters: 1                  
# start_time = Sep 30 2019 14:13:00 [System UTC, first data scan.]
# bad_flag = -9.990e-29
*END*
[from data line 3663]
     137331   3741.276   3669.000    -0.6538   2.995835    34.9305    28.0926     9.9891     85.737     0.0003    96.6661    1508.95   82.90674   -6.25216 0.0000e+00
     137354   3742.305   3670.000    -0.6537   2.995878    34.9305    28.0926    10.0094     85.912     0.0013    96.6642    1508.96   82.90674   -6.25216 0.0000e+00
     137378   3743.333   3671.000    -0.6536   2.995919    34.9304    28.0926    10.0078     85.898     0.0011    96.6624    1508.98   82.90674   -6.25216 0.0000e+00
     137401   3744.362   3672.000    -0.6535   2.995959    34.9304    28.0926    10.0146     85.956     0.0003    96.6624    1509.00   82.90674   -6.25216 0.0000e+00
     137424   3745.390   3673.000    -0.6534   2.996017    34.9306    28.0927    10.0216     86.017     0.0004    96.6624    1509.02   82.90674   -6.25215 0.0000e+00
     137447   3746.419   3674.000    -0.6532   2.996052    34.9304    28.0925    10.0084     85.904     0.0004    96.6635    1509.04   82.90674   -6.25214 0.0000e+00
     137470   3747.447   3675.000    -0.6532   2.996104    34.9305    28.0926     9.9979     85.814     0.0005    96.6669    1509.06   82.90674   -6.25214 0.0000e+00
     137493   3748.475   3676.000    -0.6531   2.996146    34.9305    28.0926    10.0030     85.858     0.0003    96.6614    1509.07   82.90674   -6.25214 0.0000e+00
     137517   3749.504   3677.000    -0.6530   2.996191    34.9305    28.0926     9.9987     85.821     0.0012    96.6624    1509.09   82.90674   -6.25214 0.0000e+00
     137540   3750.532   3678.000    -0.6529   2.996240    34.9305    28.0926     9.9931     85.773     0.0010    96.6635    1509.11   82.90675   -6.25213 0.0000e+00
     137563   3751.561   3679.000    -0.6528   2.996285    34.9305    28.0926    10.0030     85.859    -0.0000    96.6613    1509.13   82.90676   -6.25212 0.0000e+00
     137586   3752.589   3680.000    -0.6527   2.996324    34.9305    28.0926    10.0037     85.865    -0.0012    96.6517    1509.15   82.90676   -6.25212 0.0000e+00
     137609   3753.618   3681.000    -0.6527   2.996358    34.9304    28.0925    10.0148     85.960    -0.0012    96.6635    1509.17   82.90676   -6.25212 0.0000e+00
     137633   3754.647   3682.000    -0.6526   2.996401    34.9304    28.0926     9.9967     85.804     0.0051    96.6646    1509.18   82.90676   -6.25212 0.0000e+00
     137656   3755.675   3683.000    -0.6529   2.996418    34.9305    28.0926     9.9812     85.671     0.0064    96.6628    1509.20   82.90676   -6.25211 0.0000e+00
     137679   3756.703   3684.000    -0.6529   2.996462    34.9306    28.0927     9.9796     85.657    -0.0003    96.6635    1509.22   82.90676   -6.25210 0.0000e+00
     137702   3757.732   3685.000    -0.6527   2.996507    34.9305    28.0926    10.0009     85.841     0.0001    96.6650    1509.24   82.90676   -6.25210 0.0000e+00
     137726   3758.761   3686.000    -0.6526   2.996549    34.9304    28.0925    10.0000     85.833     0.0008    96.6794    1509.26   82.90676   -6.25210 0.0000e+00
     137749   3759.789   3687.000    -0.6524   2.996606    34.9305    28.0926    10.0355     86.138     0.0010    96.6893    1509.27   82.90676   -6.25210 0.0000e+00
     137772   3760.818   3688.000    -0.6524   2.996646    34.9305    28.0926     9.9940     85.782     0.0010    96.7016    1509.29   82.90676   -6.25210 0.0000e+00
     137795   3761.846   3689.000    -0.6522   2.996694    34.9305    28.0926    10.0103     85.922     0.0014    96.7140    1509.31   82.90676   -6.25208 0.0000e+00
     137818   3762.875   3690.000    -0.6522   2.996731    34.9304    28.0926    10.0132     85.947     0.0017    96.7152    1509.33   82.90676 -9.990e-29 0.0000e+00
     137842   3763.903   3691.000    -0.6521   2.996780    34.9305    28.0926     9.9989     85.824     0.0007    96.7163    1509.35   82.90676 -9.990e-29 0.0000e+00
     137865   3764.932   3692.000    -0.6520   2.996825    34.9305    28.0927     9.9883     85.734     0.0036    96.7122    1509.36   82.90676 -9.990e-29 0.0000e+00
     137888   3765.961   3693.000    -0.6519   2.996873    34.9306    28.0927     9.9868     85.721     0.0096    96.7037    1509.38   82.90676 -9.990e-29 0.0000e+00
     137911   3766.989   3694.000    -0.6518   2.996907    34.9304    28.0925    10.0045     85.873     0.0081    96.7186    1509.40   82.90678   -6.25206 0.0000e+00
     137934   3768.018   3695.000    -0.6519   2.996950    34.9305    28.0927     9.9946     85.788    -0.0055    96.7174    1509.42   82.90678   -6.25206 0.0000e+00
     137957   3769.046   3696.000    -0.6517   2.996994    34.9305    28.0926    10.0141     85.956     0.0010    96.7174    1509.44   82.90678   -6.25206 0.0000e+00
     137980   3770.075   3697.000    -0.6516   2.997041    34.9305    28.0926    10.0150     85.964     0.0006    96.7174    1509.46   82.90678   -6.25206 0.0000e+00
     138004   3771.104   3698.000    -0.6515   2.997080    34.9304    28.0926    10.0089     85.912     0.0007    96.7163    1509.47   82.90678   -6.25206 0.0000e+00
     138027   3772.132   3699.000    -0.6516   2.997113    34.9305    28.0926    10.0173     85.984     0.0008    96.7163    1509.49   82.90678   -6.25204 0.0000e+00
     138050   3773.161   3700.000    -0.6516   2.997158    34.9306    28.0927     9.9923     85.769     0.0001    96.7163    1509.51   82.90678   -6.25204 0.0000e+00
     138073   3774.189   3701.000    -0.6515   2.997201    34.9306    28.0927    10.0048     85.877     0.0004    96.7189    1509.53   82.90678   -6.25204 0.0000e+00
     138096   3775.218   3702.000    -0.6514   2.997250    34.9306    28.0928     9.9749     85.621     0.0020    96.7203    1509.55   82.90678   -6.25204 0.0000e+00
     138120   3776.246   3703.000    -0.6512   2.997285    34.9304    28.0926    10.0014     85.848     0.0080    96.7219    1509.56   82.90678   -6.25204 0.0000e+00
     138143   3777.275   3704.000    -0.6512   2.997336    34.9305    28.0927    10.0186     85.996    -0.0066    96.7377    1509.58   82.90678   -6.25204 0.0000e+00
     138166   3778.304   3705.000    -0.6511   2.997374    34.9305    28.0927    10.0026     85.858    -0.0003    96.7482    1509.60   82.90679   -6.25203 0.0000e+00
     138189   3779.332   3706.000    -0.6510   2.997419    34.9304    28.0926    10.0059     85.887    -0.0009    96.7565    1509.62   82.90680   -6.25202 0.0000e+00
     138212   3780.361   3707.000    -0.6508   2.997472    34.9304    28.0926    10.0118     85.938    -0.0002    96.7473    1509.64   82.90680   -6.25202 0.0000e+00
     138236   3781.390   3708.000    -0.6509   2.997506    34.9306    28.0927    10.0011     85.846     0.0002    96.7504    1509.66   82.90680   -6.25202 0.0000e+00
     138259   3782.418   3709.000    -0.6508   2.997543    34.9305    28.0926     9.9968     85.809     0.0007    96.7490    1509.67   82.90680   -6.25202 0.0000e+00
     138282   3783.447   3710.000    -0.6503   2.997622    34.9305    28.0926    10.0004     85.842    -0.0010    96.7624    1509.69   82.90680   -6.25201 0.0000e+00
     138305   3784.476   3711.000    -0.6502   2.997672    34.9305    28.0926     9.9744     85.619     0.0023    96.7596    1509.71   82.90680   -6.25200 0.0000e+00
     138328   3785.504   3712.000    -0.6501   2.997713    34.9304    28.0926    10.0108     85.932     0.0089    96.7599    1509.73   82.90680   -6.25200 0.0000e+00
     138351   3786.533   3713.000    -0.6499   2.997764    34.9304    28.0926    10.0072     85.901     0.0002    96.7566    1509.75   82.90680   -6.25200 0.0000e+00
     138375   3787.562   3714.000    -0.6500   2.997805    34.9305    28.0927    10.0173     85.987    -0.0005    96.7438    1509.77   82.90680   -6.25200 0.0000e+00
     138398   3788.590   3715.000    -0.6496   2.997865    34.9304    28.0926    10.0176     85.991     0.0005    96.7444    1509.79   82.90680   -6.25200 0.0000e+00
     138421   3789.619   3716.000    -0.6499   2.997882    34.9305    28.0926     9.9971     85.814    -0.0012    96.7411    1509.80   82.90680 -9.990e-29 0.0000e+00
     138444   3790.648   3717.000    -0.6500   2.997909    34.9305    28.0927     9.9961     85.805     0.0054    96.7411    1509.82   82.90680 -9.990e-29 0.0000e+00
     138467   3791.676   3718.000    -0.6494   2.997996    34.9305    28.0926     9.9731     85.609     0.0096    96.7411    1509.84   82.90680 -9.990e-29 0.0000e+00
     138491   3792.705   3719.000    -0.6489   2.998069    34.9305    28.0926     9.9901     85.756     0.0069    96.7455    1509.86   82.90680   -6.25198 0.0000e+00
     138514   3793.734   3720.000    -0.6489   2.998101    34.9304    28.0926    10.0062     85.895    -0.0005    96.7433    1509.88 -9.990e-29   -6.25198 0.0000e+00
     138537   3794.762   3721.000    -0.6490   2.998130    34.9305    28.0926    10.0086     85.915    -0.0002    96.7455    1509.90 -9.990e-29   -6.25196 0.0000e+00
     138560   3795.791   3722.000    -0.6491   2.998168    34.9305    28.0927    10.0104     85.930    -0.0003    96.7491    1509.91 -9.990e-29   -6.25196 0.0000e+00
     138583   3796.820   3723.000    -0.6491   2.998200    34.9305    28.0927     9.9965     85.810     0.0080    96.7544    1509.93 -9.990e-29   -6.25196 0.0000e+00
     138606   3797.849   3724.000    -0.6489   2.998260    34.9306    28.0927     9.9958     85.805     0.0027    96.7433    1509.95   82.90682   -6.25196 0.0000e+00
     138630   3798.877   3725.000    -0.6487   2.998303    34.9305    28.0926     9.9909     85.764     0.0004    96.7356    1509.97   82.90682   -6.25196 0.0000e+00
     138653   3799.906   3726.000    -0.6486   2.998353    34.9305    28.0926     9.9978     85.824    -0.0012    96.7265    1509.99   82.90682   -6.25194 0.0000e+00
     138676   3800.935   3727.000    -0.6485   2.998402    34.9306    28.0927     9.9880     85.740    -0.0008    96.7299    1510.01   82.90682   -6.25194 0.0000e+00
     138699   3801.963   3728.000    -0.6484   2.998445    34.9305    28.0927    10.0095     85.924     0.0026    96.7389    1510.02   82.90682   -6.25194 0.0000e+00
     138722   3802.992   3729.000    -0.6482   2.998494    34.9305    28.0927    10.0035     85.873     0.0082    96.7378    1510.04   82.90682   -6.25194 0.0000e+00
     138745   3804.020   3730.000    -0.6484   2.998514    34.9305    28.0927     9.9697     85.582    -0.0013    96.7426    1510.06   82.90682   -6.25194 0.0000e+00
     138769   3805.050   3731.000    -0.6482   2.998561    34.9304    28.0926    10.0065     85.899    -0.0010    96.7348    1510.08   82.90682   -6.25194 0.0000e+00
     138792   3806.079   3732.000    -0.6484   2.998593    34.9306    28.0927    10.0105     85.933    -0.0014    96.7284    1510.10   82.90682   -6.25193 0.0000e+00
     138815   3807.107   3733.000    -0.6485   2.998611    34.9305    28.0927     9.9949     85.799    -0.0009    96.7391    1510.11   82.90682   -6.25192 0.0000e+00
     138838   3808.136   3734.000    -0.6484   2.998656    34.9305    28.0927     9.9739     85.618     0.0052    96.7400    1510.13   82.90682   -6.25192 0.0000e+00
     138861   3809.164   3735.000    -0.6483   2.998700    34.9304    28.0926     9.9838     85.704     0.0041    96.7475    1510.15   82.90682   -6.25192 0.0000e+00
     138885   3810.193   3736.000    -0.6482   2.998759    34.9306    28.0927    10.0185     86.002     0.0006    96.7578    1510.17   82.90682   -6.25192 0.0000e+00
     138908   3811.222   3737.000    -0.6480   2.998806    34.9305    28.0926     9.9927     85.781     0.0010    96.7592    1510.19   82.90683   -6.25191 0.0000e+00
     138931   3812.251   3738.000    -0.6478   2.998857    34.9305    28.0927    10.0049     85.886    -0.0004    96.7636    1510.20   82.90684   -6.25190 0.0000e+00
     138954   3813.280   3739.000    -0.6487   2.998829    34.9306    28.0928    10.0191     86.006    -0.0006    96.7647    1510.22   82.90684   -6.25190 0.0000e+00
     138977   3814.308   3740.000    -0.6493   2.998814    34.9307    28.0929    10.0027     85.864    -0.0017    96.7628    1510.23   82.90684   -6.25190 0.0000e+00
     139000   3815.337   3741.000    -0.6492   2.998847    34.9305    28.0927     9.9697     85.581     0.0081    96.7669    1510.25   82.90684   -6.25190 0.0000e+00
     139024   3816.366   3742.000    -0.6491   2.998898    34.9306    28.0928     9.9972     85.816     0.0096    96.7670    1510.27   82.90684   -6.25189 0.0000e+00
     139047   3817.395   3743.000    -0.6490   2.998952    34.9307    28.0929    10.0099     85.926     0.0093    96.7681    1510.29   82.90684   -6.25188 0.0000e+00
     139070   3818.424   3744.000    -0.6489   2.998992    34.9306    28.0928     9.9894     85.751     0.0044    96.7828    1510.31   82.90684   -6.25188 0.0000e+00
     139093   3819.453   3745.000    -0.6487   2.999038    34.9306    28.0928     9.9880     85.738     0.0004    96.7941    1510.33   82.90684   -6.25188 0.0000e+00
     139116   3820.481   3746.000    -0.6487   2.999081    34.9306    28.0928    10.0068     85.900     0.0011    96.7964    1510.34   82.90684   -6.25188 0.0000e+00
     139140   3821.510   3747.000    -0.6486   2.999127    34.9306    28.0928    10.0293     86.093    -0.0017    96.8166    1510.36   82.90684   -6.25188 0.0000e+00
     139163   3822.539   3748.000    -0.6485   2.999168    34.9306    28.0928     9.9858     85.720    -0.0011    96.8188    1510.38   82.90686   -6.25186 0.0000e+00
     139186   3823.568   3749.000    -0.6483   2.999221    34.9306    28.0928     9.9851     85.715    -0.0005    96.8188    1510.40   82.90686   -6.25186 0.0000e+00
     139209   3824.596   3750.000    -0.6483   2.999260    34.9306    28.0928    10.0100     85.929     0.0073    96.8196    1510.42   82.90686   -6.25186 0.0000e+00
     139232   3825.625   3751.000    -0.6482   2.999304    34.9305    28.0928     9.9955     85.804     0.0016    96.8339    1510.43   82.90686   -6.25186 0.0000e+00
     139256   3826.654   3752.000    -0.6481   2.999350    34.9306    28.0928    10.0159     85.979    -0.0002    96.8371    1510.45   82.90686   -6.25186 0.0000e+00
     139279   3827.683   3753.000    -0.6480   2.999392    34.9305    28.0927     9.9859     85.722    -0.0003    96.8481    1510.47   82.90686   -6.25184 0.0000e+00
     139302   3828.712   3754.000    -0.6479   2.999437    34.9306    28.0928     9.9913     85.769    -0.0008    96.8503    1510.49   82.90686   -6.25184 0.0000e+00
     139325   3829.741   3755.000    -0.6478   2.999483    34.9306    28.0928     9.9922     85.777    -0.0015    96.8465    1510.51   82.90686   -6.25184 0.0000e+00
     139348   3830.770   3756.000    -0.6477   2.999527    34.9306    28.0928    10.0031     85.871    -0.0016    96.8446    1510.53   82.90686   -6.25184 0.0000e+00
     139371   3831.799   3757.000    -0.6466   2.999645    34.9305    28.0927     9.9897     85.758    -0.0001    96.8492    1510.55   82.90686   -6.25184 0.0000e+00
     139395   3832.827   3758.000    -0.6465   2.999687    34.9305    28.0927    10.0113     85.944    -0.0014    96.8446    1510.57   82.90686   -6.25182 0.0000e+00
     139418   3833.856   3759.000    -0.6464   2.999736    34.9305    28.0927    10.0101     85.934    -0.0010    96.8501    1510.59   82.90686   -6.25182 0.0000e+00
     139441   3834.885   3760.000    -0.6461   2.999800    34.9304    28.0926     9.9860     85.728     0.0043    96.8458    1510.61   82.90686   -6.25182 0.0000e+00
     139464   3835.914   3761.000    -0.6462   2.999827    34.9305    28.0927     9.9840     85.710     0.0045    96.8457    1510.62   82.90686   -6.25182 0.0000e+00
     139487   3836.943   3762.000    -0.6458   2.999891    34.9304    28.0926     9.9781     85.661     0.0032    96.8385    1510.64   82.90686   -6.25182 0.0000e+00
     139511   3837.972   3763.000    -0.6460   2.999915    34.9305    28.0927    10.0024     85.868     0.0067    96.8310    1510.66   82.90687   -6.25181 0.0000e+00
     139534   3839.001   3764.000    -0.6462   2.999940    34.9306    28.0928     9.9900     85.761    -0.0010    96.8255    1510.68   82.90688   -6.25180 0.0000e+00
