Sta0263.cnv
* Sea-Bird SBE 9 Data File:
* FileName = C:\Seabird\CTDDATA\Sta0263.hex
* Software Version Seasave V 7.26.7.107
* Temperature SN = 03-4535
* Conductivity SN = 2860
* Number of Bytes Per Scan = 44
* Number of Voltage Words = 5
* Number of Scans Averaged by the Deck Unit = 1
* NMEA Latitude = 82 53.54 N
* NMEA Longitude = 006 14.32 W
* NMEA UTC (Time) = Oct 01 2019 09:00:18
* NMEA baud rate = 9600
** Ship: "Kronprins Haakon"
** Station: 263
** Echodepth: 3900
** Log: 7990.487
** Wind-Dir Force(m/s): 20 09
** Air-temp (dry): -3.8
** Weather Sky: 2 6
** Sea Ice: 0 5
# nquan = 15
# nvalues = 4056                        
# units = specified
# name 0 = scan: Scan Count
# name 1 = prDM: Pressure, Digiquartz [db]
# name 2 = depSM: Depth [salt water, m]
# name 3 = t068C: Temperature [IPTS-68, deg C]
# name 4 = c0S/m: Conductivity [S/m]
# name 5 = sal00: Salinity, Practical [PSU]
# name 6 = sigma-é00: Density [sigma-theta, kg/m^3]
# name 7 = sbeox0Mg/L: Oxygen, SBE 43 [mg/l]
# name 8 = sbeox0PS: Oxygen, SBE 43 [% saturation]
# name 9 = flECO-AFL: Fluorescence, WET Labs ECO-AFL/FL [mg/m^3]
# name 10 = CStarTr0: Beam Transmission, WET Labs C-Star [%]
# name 11 = svCM: Sound Velocity [Chen-Millero, m/s]
# name 12 = latitude: Latitude [deg]
# name 13 = longitude: Longitude [deg]
# name 14 = flag: flag
# span 0 =        454,     122536       
# span 1 =     15.162,   4154.062       
# span 2 =     15.000,   4070.000       
# span 3 =    -1.7308,     1.3116       
# span 4 =   2.513518,   3.022596       
# span 5 =    31.6151,    34.9311       
# span 6 =    25.4277,    28.0933       
# span 7 =     9.6105,    13.1657       
# span 8 =     82.530,    107.310       
# span 9 =    -0.0071,     0.2261       
# span 10 =    90.7062,    96.9988      
# span 11 =    1436.68,    1516.29      
# span 12 =   82.89246,   82.89338      
# span 13 =   -6.23850,   -6.19366      
# span 14 = 0.0000e+00, 0.0000e+00      
# interval = meters: 1                  
# start_time = Oct 01 2019 09:00:19 [System UTC, first data scan.]
# bad_flag = -9.990e-29
*END*
[from data line 193]
       5064    210.348    208.000     0.6840   2.950269    34.7113    27.8343     9.9408     88.214     0.0098    96.7689    1455.29   82.89250   -6.23670 0.0000e+00
       5087    211.360    209.000     0.7092   2.952958    34.7175    27.8377     9.9085     87.988     0.0145    96.7693    1455.43   82.89250   -6.23669 0.0000e+00
       5111    212.372    210.000     0.7221   2.954402    34.7212    27.8399     9.8817     87.782     0.0014    96.7780    1455.51   82.89250   -6.23668 0.0000e+00
       5134    213.383    211.000     0.7251   2.954798    34.7224    27.8407     9.8709     87.693     0.0078    96.7799    1455.54   82.89250   -6.23667 0.0000e+00
       5158    214.395    212.000     0.7337   2.955757    34.7246    27.8419     9.8819     87.812     0.0137    96.7869    1455.60   82.89250   -6.23666 0.0000e+00
       5181    215.407    213.000     0.7769   2.960177    34.7331    27.8460     9.8816     87.912     0.0056    96.7803    1455.82   82.89250   -6.23665 0.0000e+00
       5205    216.419    214.000     0.8157   2.964145    34.7405    27.8496     9.9009     88.176     0.0008    96.7780    1456.02   82.89250   -6.23664 0.0000e+00
       5228    217.431    215.000     0.8322   2.965954    34.7450    27.8521     9.9482     88.637     0.0052    96.7832    1456.12   82.89250   -6.23663 0.0000e+00
       5252    218.443    216.000     0.8720   2.969992    34.7521    27.8553     9.9360     88.624     0.0132    96.7797    1456.33   82.89250   -6.23662 0.0000e+00
       5275    219.454    217.000     0.9305   2.976009    34.7640    27.8610     9.9077     88.511     0.0078    96.7875    1456.62   82.89250   -6.23661 0.0000e+00
       5299    220.466    218.000     0.9652   2.979661    34.7718    27.8650     9.9020     88.544     0.0014    96.7705    1456.80   82.89250   -6.23660 0.0000e+00
       5322    221.478    219.000     0.9814   2.981424    34.7759    27.8672     9.8926     88.499     0.0095    96.7938    1456.90   82.89250   -6.23660 0.0000e+00
       5346    222.490    220.000     1.0049   2.983927    34.7814    27.8701     9.8609     88.271     0.0096    96.7951    1457.03   82.89250   -6.23659 0.0000e+00
       5369    223.502    221.000     1.0196   2.985488    34.7845    27.8717     9.8329     88.056     0.0096    96.8016    1457.11   82.89250   -6.23658 0.0000e+00
       5393    224.514    222.000     1.0359   2.987218    34.7880    27.8734     9.8161     87.944     0.0036    96.8175    1457.21   82.89250   -6.23657 0.0000e+00
       5416    225.526    223.000     1.0611   2.989829    34.7930    27.8757     9.8339     88.164     0.0062    96.8145    1457.34   82.89250   -6.23656 0.0000e+00
       5440    226.538    224.000     1.0899   2.992827    34.7988    27.8784     9.8479     88.357     0.0096    96.8188    1457.50   82.89250   -6.23655 0.0000e+00
       5464    227.549    225.000     1.1220   2.996206    34.8059    27.8820     9.8611     88.553     0.0096    96.8188    1457.67   82.89250   -6.23654 0.0000e+00
       5487    228.562    226.000     1.1364   2.997794    34.8097    27.8840     9.8824     88.780     0.0067    96.8211    1457.75   82.89250   -6.23653 0.0000e+00
       5511    229.573    227.000     1.1582   3.000080    34.8142    27.8862     9.8709     88.729     0.0012    96.8209    1457.87   82.89250   -6.23652 0.0000e+00
       5534    230.585    228.000     1.1702   3.001407    34.8173    27.8878     9.8552     88.616     0.0023    96.8188    1457.95   82.89250   -6.23651 0.0000e+00
       5558    231.597    229.000     1.1765   3.002138    34.8191    27.8888     9.8490     88.575     0.0094    96.8330    1457.99   82.89250   -6.23650 0.0000e+00
       5581    232.609    230.000     1.1967   3.004272    34.8233    27.8908     9.8456     88.593     0.0022    96.8223    1458.11   82.89250   -6.23649 0.0000e+00
       5605    233.621    231.000     1.2255   3.007275    34.8292    27.8936     9.8459     88.664     0.0082    96.8266    1458.26   82.89250   -6.23648 0.0000e+00
       5628    234.633    232.000     1.2326   3.008148    34.8318    27.8952     9.8601     88.811     0.0129    96.8230    1458.31   82.89250   -6.23648 0.0000e+00
       5652    235.645    233.000     1.2387   3.008882    34.8339    27.8965     9.8876     89.073     0.0068    96.8255    1458.36   82.89250   -6.23646 0.0000e+00
       5675    236.657    234.000     1.2406   3.009176    34.8350    27.8972     9.8697     88.917     0.0004    96.8210    1458.38   82.89250   -6.23646 0.0000e+00
       5699    237.669    235.000     1.2406   3.009255    34.8354    27.8975     9.8527     88.764     0.0034    96.8240    1458.40   82.89250   -6.23646 0.0000e+00
       5722    238.680    236.000     1.2398   3.009276    34.8360    27.8981     9.8685     88.905     0.0094    96.8279    1458.41   82.89250   -6.23644 0.0000e+00
       5746    239.692    237.000     1.2390   3.009286    34.8364    27.8985     9.8745     88.956     0.0076    96.8197    1458.43   82.89250   -6.23644 0.0000e+00
       5770    240.704    238.000     1.2379   3.009261    34.8367    27.8988     9.8798     89.003     0.0009    96.8287    1458.44   82.89250   -6.23642 0.0000e+00
       5793    241.716    239.000     1.2344   3.009031    34.8371    27.8993     9.8909     89.094     0.0096    96.8364    1458.44   82.89250   -6.23642 0.0000e+00
       5817    242.728    240.000     1.2261   3.008382    34.8373    27.9001     9.8979     89.139     0.0093    96.8359    1458.42   82.89250   -6.23640 0.0000e+00
       5840    243.740    241.000     1.2175   3.007682    34.8374    27.9008     9.8996     89.135     0.0024    96.8247    1458.40   82.89250   -6.23640 0.0000e+00
       5864    244.752    242.000     1.2116   3.007224    34.8375    27.9013     9.9141     89.252     0.0073    96.8277    1458.39   82.89250   -6.23638 0.0000e+00
       5887    245.764    243.000     1.2087   3.007011    34.8374    27.9014     9.9202     89.300     0.0039    96.8341    1458.39   82.89250   -6.23638 0.0000e+00
       5911    246.776    244.000     1.2046   3.006707    34.8375    27.9017     9.9214     89.302     0.0051    96.8323    1458.39   82.89250   -6.23636 0.0000e+00
       5934    247.788    245.000     1.1965   3.006046    34.8374    27.9023     9.9349     89.405     0.0064    96.8402    1458.37   82.89250   -6.23636 0.0000e+00
       5958    248.800    246.000     1.1928   3.005763    34.8373    27.9024     9.9217     89.278     0.0030    96.8285    1458.37   82.89250   -6.23634 0.0000e+00
       5981    249.812    247.000     1.1843   3.005061    34.8372    27.9029     9.9357     89.384     0.0074    96.8293    1458.35   82.89250   -6.23634 0.0000e+00
       6005    250.824    248.000     1.1806   3.004776    34.8370    27.9031     9.9561     89.559     0.0014    96.8328    1458.35   82.89250   -6.23632 0.0000e+00
       6028    251.836    249.000     1.1775   3.004535    34.8368    27.9031     9.9417     89.422     0.0014    96.8349    1458.35   82.89250   -6.23632 0.0000e+00
       6052    252.848    250.000     1.1715   3.004057    34.8368    27.9035     9.9351     89.350     0.0093    96.8315    1458.34   82.89250   -6.23632 0.0000e+00
       6076    253.860    251.000     1.1607   3.003176    34.8368    27.9043     9.9565     89.518     0.0009    96.8331    1458.31   82.89250   -6.23630 0.0000e+00
       6099    254.872    252.000     1.1518   3.002422    34.8364    27.9046     9.9534     89.469    -0.0000    96.8244    1458.29   82.89250   -6.23630 0.0000e+00
       6123    255.884    253.000     1.1470   3.002033    34.8363    27.9048     9.9480     89.409     0.0066    96.8210    1458.28   82.89250   -6.23628 0.0000e+00
       6146    256.896    254.000     1.1432   3.001741    34.8362    27.9050     9.9535     89.449     0.0048    96.8255    1458.28   82.89250   -6.23628 0.0000e+00
       6170    257.908    255.000     1.1349   3.001052    34.8360    27.9054     9.9725     89.602     0.0042    96.8204    1458.26   82.89250   -6.23626 0.0000e+00
       6193    258.920    256.000     1.1272   3.000415    34.8358    27.9058     9.9700     89.562     0.0095    96.8249    1458.24   82.89250   -6.23626 0.0000e+00
       6217    259.932    257.000     1.1222   3.000003    34.8355    27.9059     9.9732     89.579     0.0096    96.8225    1458.24   82.89250   -6.23624 0.0000e+00
       6240    260.945    258.000     1.1158   2.999478    34.8353    27.9062     9.9784     89.611     0.0102    96.8294    1458.22   82.89250   -6.23624 0.0000e+00
       6264    261.956    259.000     1.0966   2.997833    34.8349    27.9072     9.9809     89.589     0.0213    96.8209    1458.15   82.89250   -6.23623 0.0000e+00
       6287    262.968    260.000     1.0937   2.997601    34.8346    27.9071     9.9736     89.516     0.0097    96.8170    1458.16   82.89250   -6.23622 0.0000e+00
       6311    263.981    261.000     1.0897   2.997275    34.8342    27.9070     9.9735     89.507     0.0124    96.8240    1458.16   82.89250   -6.23621 0.0000e+00
       6334    264.993    262.000     1.0782   2.996298    34.8340    27.9077     9.9802     89.540     0.0099    96.8233    1458.12   82.89250   -6.23620 0.0000e+00
       6358    266.005    263.000     1.0708   2.995672    34.8336    27.9078     9.9855     89.571     0.0028    96.8222    1458.10   82.89250   -6.23619 0.0000e+00
       6381    267.017    264.000     1.0572   2.994513    34.8332    27.9085     9.9857     89.540     0.0028    96.8204    1458.06   82.89250   -6.23618 0.0000e+00
       6405    268.029    265.000     1.0455   2.993521    34.8328    27.9089     9.9885     89.538     0.0097    96.8214    1458.02   82.89250   -6.23617 0.0000e+00
       6429    269.041    266.000     1.0367   2.992768    34.8324    27.9091     9.9932     89.560     0.0096    96.8344    1458.00   82.89250   -6.23616 0.0000e+00
       6452    270.053    267.000     1.0312   2.992311    34.8320    27.9093     9.9895     89.515     0.0096    96.8357    1457.99   82.89250   -6.23615 0.0000e+00
       6476    271.065    268.000     1.0278   2.992035    34.8317    27.9092    10.0052     89.648     0.0096    96.8342    1457.99   82.89250   -6.23614 0.0000e+00
       6499    272.077    269.000     1.0250   2.991819    34.8315    27.9092    10.0054     89.642     0.0096    96.8326    1457.99   82.89250   -6.23613 0.0000e+00
       6523    273.089    270.000     1.0198   2.991407    34.8314    27.9095    10.0103     89.674     0.0156    96.8339    1457.99   82.89250   -6.23612 0.0000e+00
       6546    274.101    271.000     1.0347   2.992849    34.8326    27.9095    10.0025     89.640     0.0105    96.8225    1458.07   82.89250   -6.23612 0.0000e+00
       6570    275.113    272.000     1.0710   2.996368    34.8369    27.9106     9.9839     89.559     0.0135    96.8399    1458.26   82.89250   -6.23611 0.0000e+00
       6593    276.126    273.000     1.0806   2.997399    34.8389    27.9115     9.9866     89.606     0.0118    96.8298    1458.32   82.89250   -6.23610 0.0000e+00
       6617    277.138    274.000     1.0953   2.998878    34.8409    27.9121     9.9928     89.697     0.0096    96.8184    1458.40   82.89250   -6.23609 0.0000e+00
       6640    278.150    275.000     1.1316   3.002433    34.8455    27.9133     9.9592     89.480     0.0067    96.8352    1458.59   82.89250   -6.23608 0.0000e+00
       6664    279.162    276.000     1.1636   3.005556    34.8494    27.9142     9.9459     89.436     0.0032    96.8403    1458.75   82.89250   -6.23607 0.0000e+00
       6687    280.174    277.000     1.2051   3.009622    34.8547    27.9157     9.9450     89.526     0.0084    96.8296    1458.96   82.89250   -6.23606 0.0000e+00
       6711    281.186    278.000     1.2440   3.013467    34.8601    27.9173     9.9437     89.607     0.0016    96.8298    1459.16   82.89250   -6.23605 0.0000e+00
       6735    282.198    279.000     1.2720   3.016264    34.8641    27.9186     9.9308     89.557     0.0008    96.8412    1459.31   82.89250   -6.23604 0.0000e+00
       6758    283.211    280.000     1.2861   3.017724    34.8665    27.9195     9.9280     89.565     0.0093    96.8382    1459.39   82.89250   -6.23603 0.0000e+00
       6782    284.223    281.000     1.2959   3.018760    34.8684    27.9203     9.9003     89.339     0.0096    96.8468    1459.45   82.89250   -6.23602 0.0000e+00
       6805    285.235    282.000     1.3027   3.019514    34.8699    27.9210     9.9002     89.353     0.0029    96.8446    1459.50   82.89250   -6.23602 0.0000e+00
       6829    286.247    283.000     1.3102   3.020348    34.8715    27.9218     9.9027     89.395     0.0057    96.8436    1459.55   82.89250   -6.23602 0.0000e+00
       6852    287.259    284.000     1.3116   3.020561    34.8721    27.9222     9.9144     89.504     0.0055    96.8605    1459.58   82.89250   -6.23600 0.0000e+00
       6876    288.271    285.000     1.3099   3.020489    34.8725    27.9226     9.9256     89.601     0.0047    96.8432    1459.59   82.89250   -6.23600 0.0000e+00
       6899    289.284    286.000     1.3037   3.020009    34.8727    27.9233     9.9332     89.656     0.0096    96.8449    1459.58   82.89250   -6.23598 0.0000e+00
       6923    290.296    287.000     1.2931   3.019131    34.8726    27.9240     9.9450     89.738     0.0077    96.8476    1459.54   82.89250   -6.23598 0.0000e+00
       6947    291.308    288.000     1.2886   3.018794    34.8727    27.9244     9.9509     89.781     0.0014    96.8424    1459.54   82.89250   -6.23596 0.0000e+00
       6970    292.320    289.000     1.2852   3.018538    34.8726    27.9245     9.9492     89.758     0.0096    96.8469    1459.54   82.89250   -6.23596 0.0000e+00
       6994    293.332    290.000     1.2847   3.018572    34.8730    27.9249     9.9673     89.920     0.0004    96.8587    1459.56   82.89250   -6.23594 0.0000e+00
       7017    294.345    291.000     1.2813   3.018323    34.8730    27.9251     9.9858     90.080    -0.0002    96.8456    1459.56   82.89250   -6.23594 0.0000e+00
       7041    295.357    292.000     1.2774   3.018023    34.8730    27.9254    10.0041     90.236     0.0008    96.8446    1459.56   82.89250   -6.23592 0.0000e+00
       7064    296.369    293.000     1.2694   3.017370    34.8730    27.9259     9.9985     90.167     0.0005    96.8438    1459.54   82.89250   -6.23592 0.0000e+00
       7088    297.381    294.000     1.2677   3.017258    34.8728    27.9259     9.9789     89.986     0.0044    96.8519    1459.55   82.89250   -6.23590 0.0000e+00
       7111    298.393    295.000     1.2670   3.017234    34.8726    27.9259     9.9599     89.813     0.0061    96.8467    1459.56   82.89250   -6.23590 0.0000e+00
       7135    299.406    296.000     1.2662   3.017218    34.8727    27.9260     9.9770     89.966    -0.0000    96.8512    1459.57   82.89250   -6.23588 0.0000e+00
       7159    300.418    297.000     1.2648   3.017137    34.8728    27.9261     9.9895     90.075     0.0009    96.8611    1459.58   82.89250   -6.23588 0.0000e+00
       7182    301.430    298.000     1.2524   3.016105    34.8727    27.9269     9.9905     90.055     0.0005    96.8626    1459.54   82.89250   -6.23588 0.0000e+00
       7206    302.443    299.000     1.2487   3.015790    34.8722    27.9268     9.9921     90.061    -0.0011    96.8535    1459.55   82.89250   -6.23586 0.0000e+00
       7229    303.455    300.000     1.2456   3.015567    34.8722    27.9270     9.9732     89.884    -0.0000    96.8563    1459.55   82.89250   -6.23586 0.0000e+00
       7253    304.467    301.000     1.2445   3.015510    34.8722    27.9270     9.9738     89.886     0.0076    96.8683    1459.56   82.89250   -6.23584 0.0000e+00
       7276    305.479    302.000     1.2420   3.015332    34.8721    27.9272     9.9815     89.950     0.0032    96.8612    1459.56   82.89252   -6.23584 0.0000e+00
       7300    306.492    303.000     1.2402   3.015219    34.8720    27.9272     9.9978     90.093     0.0010    96.8620    1459.57   82.89252   -6.23582 0.0000e+00
