Sta0267.cnv
* Sea-Bird SBE 9 Data File:
* FileName = C:\Seabird\CTDDATA\Sta0267.hex
* Software Version Seasave V 7.26.7.107
* Temperature SN = 03-4535
* Conductivity SN = 2860
* Number of Bytes Per Scan = 44
* Number of Voltage Words = 5
* Number of Scans Averaged by the Deck Unit = 1
* NMEA Latitude = 82 53.59 N
* NMEA Longitude = 006 15.63 W
* NMEA UTC (Time) = Oct 05 2019 09:47:40
* NMEA baud rate = 9600
** Ship: "Kronprins Haakon"
** Station: 267
** Echodepth: 3897
** Log: 8063.105
** Wind-Dir Force(m/s): 20 05
** Air-temp (dry): -5.8
** Weather Sky: 2 8
** Sea Ice: 0 5
# nquan = 15
# nvalues = 3951                        
# units = specified
# name 0 = scan: Scan Count
# name 1 = prDM: Pressure, Digiquartz [db]
# name 2 = depSM: Depth [salt water, m]
# name 3 = t068C: Temperature [IPTS-68, deg C]
# name 4 = c0S/m: Conductivity [S/m]
# name 5 = sal00: Salinity, Practical [PSU]
# name 6 = sigma-é00: Density [sigma-theta, kg/m^3]
# name 7 = sbeox0Mg/L: Oxygen, SBE 43 [mg/l]
# name 8 = sbeox0PS: Oxygen, SBE 43 [% saturation]
# name 9 = flECO-AFL: Fluorescence, WET Labs ECO-AFL/FL [mg/m^3]
# name 10 = CStarTr0: Beam Transmission, WET Labs C-Star [%]
# name 11 = svCM: Sound Velocity [Chen-Millero, m/s]
# name 12 = latitude: Latitude [deg]
# name 13 = longitude: Longitude [deg]
# name 14 = flag: flag
# span 0 =       1178,     158931       
# span 1 =     10.108,   4040.754       
# span 2 =     10.000,   3960.000       
# span 3 =    -1.7285,     1.2755       
# span 4 =   2.508343,   3.019872       
# span 5 =    31.5464,    34.9315       
# span 6 =    25.3719,    28.0936       
# span 7 =     9.8583,    13.5859       
# span 8 =     84.559,    110.638       
# span 9 =    -0.0103,     0.1811       
# span 10 =    96.5522,    98.5530      
# span 11 =    1436.51,    1514.27      
# span 12 =   82.89331,   82.89414      
# span 13 =   -6.26034,   -6.21253      
# span 14 = 0.0000e+00, 0.0000e+00      
# interval = meters: 1                  
# start_time = Oct 05 2019 09:47:40 [System UTC, first data scan.]
# bad_flag = -9.990e-29
*END*
[from data line 193]
       6061    205.289    203.000     0.3468   2.915848    34.6428    27.7992    10.2876     90.457     0.0125    98.3086    1453.59   82.89340   -6.25956 0.0000e+00
       6085    206.301    204.000     0.3578   2.917057    34.6456    27.8008    10.3075     90.659     0.0082    98.2970    1453.66   82.89340   -6.25956 0.0000e+00
       6108    207.313    205.000     0.3944   2.920777    34.6527    27.8044    10.2972     90.659    -0.0005    98.3000    1453.85   82.89340   -6.25956 0.0000e+00
       6132    208.324    206.000     0.4161   2.923066    34.6577    27.8073    10.2746     90.515     0.0091    98.3131    1453.97   82.89340   -6.25954 0.0000e+00
       6155    209.336    207.000     0.4456   2.926154    34.6645    27.8110    10.2625     90.480    -0.0000    98.3130    1454.13   82.89340   -6.25954 0.0000e+00
       6179    210.348    208.000     0.4608   2.927829    34.6687    27.8135    10.2648     90.540     0.0079    98.3066    1454.22   82.89340   -6.25954 0.0000e+00
       6202    211.360    209.000     0.4778   2.929608    34.6724    27.8154    10.2673     90.604     0.0096    98.3177    1454.32   82.89340   -6.25954 0.0000e+00
       6226    212.372    210.000     0.5142   2.933344    34.6797    27.8192    10.2346     90.405     0.0096    98.3198    1454.51   82.89340   -6.25952 0.0000e+00
       6249    213.383    211.000     0.5708   2.939062    34.6903    27.8243    10.2259     90.466     0.0158    98.3198    1454.80   82.89340   -6.25952 0.0000e+00
       6273    214.395    212.000     0.6240   2.944491    34.7009    27.8296    10.2267     90.604     0.0173    98.3198    1455.07   82.89340   -6.25952 0.0000e+00
       6296    215.407    213.000     0.6898   2.951182    34.7137    27.8359    10.2267     90.766     0.0076    98.3202    1455.40   82.89340   -6.25952 0.0000e+00
       6320    216.419    214.000     0.7119   2.953588    34.7196    27.8392    10.2303     90.854     0.0024    98.3198    1455.53   82.89340   -6.25950 0.0000e+00
       6343    217.431    215.000     0.7384   2.956405    34.7260    27.8427    10.1970     90.624     0.0136    98.3360    1455.67   82.89340   -6.25950 0.0000e+00
       6367    218.443    216.000     0.7628   2.958942    34.7311    27.8453    10.1328     90.113     0.0219    98.3378    1455.81   82.89340   -6.25950 0.0000e+00
       6390    219.454    217.000     0.7936   2.962143    34.7375    27.8485    10.1000     89.896     0.0107    98.3478    1455.97   82.89340   -6.25950 0.0000e+00
       6414    220.466    218.000     0.8160   2.964500    34.7424    27.8510    10.0864     89.829     0.0125    98.3469    1456.09   82.89340 -9.990e-29 0.0000e+00
       6437    221.478    219.000     0.8331   2.966405    34.7474    27.8540    10.1052     90.039     0.0108    98.3499    1456.19   82.89340 -9.990e-29 0.0000e+00
       6461    222.490    220.000     0.8557   2.968795    34.7524    27.8566    10.1191     90.220     0.0096    98.3513    1456.32   82.89340 -9.990e-29 0.0000e+00
       6484    223.502    221.000     0.8537   2.968861    34.7549    27.8587    10.1276     90.292     0.0090    98.3487    1456.33   82.89340 -9.990e-29 0.0000e+00
       6508    224.514    222.000     0.8481   2.968530    34.7564    27.8603    10.1406     90.396     0.0090    98.3594    1456.32   82.89340   -6.25946 0.0000e+00
       6531    225.525    223.000     0.8527   2.969104    34.7580    27.8613    10.1348     90.356     0.0094    98.3565    1456.36   82.89340   -6.25946 0.0000e+00
       6555    226.537    224.000     0.8750   2.971396    34.7621    27.8631    10.1325     90.390     0.0095    98.3648    1456.48   82.89340   -6.25946 0.0000e+00
       6578    227.549    225.000     0.8902   2.973138    34.7671    27.8662    10.1683     90.747     0.0093    98.3683    1456.58   82.89340   -6.25946 0.0000e+00
       6602    228.561    226.000     0.9251   2.976765    34.7745    27.8699    10.1822     90.957     0.0096    98.3605    1456.76   82.89340   -6.25944 0.0000e+00
       6625    229.573    227.000     0.9586   2.980210    34.7809    27.8728    10.1837     91.052     0.0095    98.3693    1456.93   82.89340   -6.25944 0.0000e+00
       6649    230.585    228.000     0.9766   2.982097    34.7846    27.8746    10.2020     91.261     0.0120    98.3705    1457.04   82.89340   -6.25944 0.0000e+00
       6672    231.597    229.000     0.9884   2.983401    34.7877    27.8763    10.2090     91.353     0.0114    98.3717    1457.11   82.89340   -6.25944 0.0000e+00
       6696    232.609    230.000     1.0168   2.986357    34.7935    27.8791    10.1574     90.961     0.0093    98.3789    1457.26   82.89340   -6.25943 0.0000e+00
       6719    233.621    231.000     1.0484   2.989605    34.7994    27.8818    10.1419     90.900     0.0121    98.3804    1457.43   82.89340   -6.25942 0.0000e+00
       6743    234.633    232.000     1.0773   2.992603    34.8052    27.8844    10.1415     90.967     0.0125    98.3918    1457.58   82.89340   -6.25942 0.0000e+00
       6766    235.645    233.000     1.1036   2.995317    34.8103    27.8868    10.1478     91.087     0.0090    98.3944    1457.72   82.89340   -6.25942 0.0000e+00
       6790    236.657    234.000     1.1215   2.997255    34.8146    27.8890    10.1437     91.096     0.0094    98.3963    1457.83   82.89340   -6.25941 0.0000e+00
       6814    237.668    235.000     1.1324   2.998485    34.8177    27.8908    10.1265     90.968     0.0134    98.3975    1457.89   82.89340 -9.990e-29 0.0000e+00
       6837    238.681    236.000     1.1620   3.001456    34.8223    27.8925    10.0917     90.727     0.0002    98.3978    1458.05   82.89340 -9.990e-29 0.0000e+00
       6861    239.692    237.000     1.1970   3.004953    34.8276    27.8943    10.1088     90.965     0.0082    98.3997    1458.23   82.89340 -9.990e-29 0.0000e+00
       6884    240.704    238.000     1.2045   3.005826    34.8298    27.8956    10.1307     91.181     0.0119    98.3983    1458.28   82.89340 -9.990e-29 0.0000e+00
       6908    241.716    239.000     1.1891   3.004604    34.8308    27.8974    10.1382     91.213     0.0032    98.4000    1458.23   82.89341   -6.25938 0.0000e+00
       6931    242.728    240.000     1.1835   3.004226    34.8315    27.8984    10.1157     90.999     0.0041    98.4163    1458.22   82.89342   -6.25938 0.0000e+00
       6955    243.740    241.000     1.1889   3.004836    34.8327    27.8990    10.0775     90.668     0.0105    98.4147    1458.27   82.89342   -6.25938 0.0000e+00
       6978    244.752    242.000     1.1863   3.004714    34.8334    27.8998    10.0946     90.816     0.0131    98.4043    1458.27   82.89342   -6.25937 0.0000e+00
       7002    245.764    243.000     1.1764   3.003929    34.8338    27.9008    10.1383     91.187     0.0142    98.3026    1458.24   82.89342   -6.25936 0.0000e+00
       7025    246.776    244.000     1.1749   3.003859    34.8340    27.9010    10.1363     91.165     0.0118    98.3304    1458.25   82.89342   -6.25936 0.0000e+00
       7049    247.788    245.000     1.1788   3.004311    34.8349    27.9014    10.1323     91.138    -0.0021    98.4020    1458.29   82.89342   -6.25935 0.0000e+00
       7072    248.800    246.000     1.1806   3.004578    34.8356    27.9019    10.1482     91.286     0.0092    98.4164    1458.31   82.89342   -6.25934 0.0000e+00
       7096    249.812    247.000     1.1716   3.003865    34.8360    27.9028    10.1581     91.355     0.0093    98.4084    1458.29   82.89342   -6.25934 0.0000e+00
       7120    250.824    248.000     1.1639   3.003226    34.8358    27.9032    10.1743     91.482     0.0026    98.4076    1458.27   82.89342   -6.25934 0.0000e+00
       7143    251.836    249.000     1.1509   3.002149    34.8359    27.9042    10.1688     91.403     0.0068    98.4087    1458.24   82.89342   -6.25933 0.0000e+00
       7167    252.848    250.000     1.1450   3.001683    34.8358    27.9046    10.1466     91.190     0.0090    98.4133    1458.22   82.89342   -6.25932 0.0000e+00
       7190    253.860    251.000     1.1415   3.001426    34.8358    27.9048    10.1486     91.199     0.0045    98.4182    1458.22   82.89342   -6.25932 0.0000e+00
       7214    254.872    252.000     1.1378   3.001147    34.8358    27.9050    10.1640     91.329     0.0036    98.4189    1458.22   82.89342   -6.25932 0.0000e+00
       7237    255.884    253.000     1.1213   2.999764    34.8358    27.9062    10.1762     91.400     0.0071    98.4150    1458.17   82.89342   -6.25932 0.0000e+00
       7261    256.896    254.000     1.1108   2.998877    34.8355    27.9066    10.1831     91.438     0.0032    98.4154    1458.14   82.89342   -6.25932 0.0000e+00
       7285    257.908    255.000     1.0956   2.997584    34.8352    27.9075    10.1846     91.415     0.0151    98.4024    1458.08   82.89342   -6.25930 0.0000e+00
       7308    258.920    256.000     1.0830   2.996511    34.8348    27.9080    10.1885     91.421     0.0236    98.4120    1458.04   82.89342   -6.25930 0.0000e+00
       7332    259.932    257.000     1.0727   2.995648    34.8347    27.9086    10.1912     91.421     0.0108    98.4137    1458.01   82.89342   -6.25930 0.0000e+00
       7355    260.944    258.000     1.0669   2.995207    34.8349    27.9091    10.1894     91.391     0.0096    98.4108    1458.01   82.89342   -6.25930 0.0000e+00
       7379    261.956    259.000     1.0774   2.996225    34.8357    27.9091    10.1939     91.456     0.0024    98.4112    1458.07   82.89342   -6.25928 0.0000e+00
       7402    262.968    260.000     1.0811   2.996671    34.8367    27.9096    10.2073     91.585     0.0056    98.4123    1458.10   82.89342   -6.25928 0.0000e+00
       7426    263.981    261.000     1.0979   2.998402    34.8396    27.9108    10.2275     91.808     0.0055    98.3910    1458.20   82.89342   -6.25928 0.0000e+00
       7450    264.993    262.000     1.1118   2.999849    34.8421    27.9119    10.2422     91.975     0.0044    98.3921    1458.28   82.89342   -6.25928 0.0000e+00
       7473    266.005    263.000     1.1288   3.001559    34.8446    27.9127    10.2329     91.932     0.0093    98.4141    1458.38   82.89342   -6.25926 0.0000e+00
       7497    267.017    264.000     1.1500   3.003704    34.8479    27.9140    10.2113     91.790     0.0078    98.4084    1458.49   82.89342   -6.25926 0.0000e+00
       7520    268.029    265.000     1.1629   3.005043    34.8501    27.9148    10.2126     91.834     0.0012    98.4019    1458.57   82.89342   -6.25926 0.0000e+00
       7544    269.041    266.000     1.1950   3.008225    34.8546    27.9162    10.2027     91.823     0.0092    98.4120    1458.74   82.89342   -6.25926 0.0000e+00
       7567    270.053    267.000     1.2177   3.010558    34.8586    27.9179    10.2037     91.887     0.0096    98.4211    1458.86   82.89342   -6.25924 0.0000e+00
       7591    271.065    268.000     1.2375   3.012558    34.8616    27.9189    10.1944     91.851     0.0096    98.4076    1458.97   82.89342   -6.25924 0.0000e+00
       7615    272.077    269.000     1.2550   3.014364    34.8647    27.9202    10.1879     91.836     0.0137    98.4193    1459.07   82.89342   -6.25924 0.0000e+00
       7638    273.089    270.000     1.2673   3.015655    34.8669    27.9211    10.1807     91.801     0.0070    98.4102    1459.14   82.89342   -6.25924 0.0000e+00
       7662    274.101    271.000     1.2754   3.016559    34.8689    27.9221    10.1788     91.804     0.0049    98.4221    1459.20   82.89342   -6.25922 0.0000e+00
       7685    275.113    272.000     1.2755   3.016672    34.8696    27.9227    10.1660     91.689     0.0090    98.4211    1459.21   82.89342   -6.25922 0.0000e+00
       7709    276.126    273.000     1.2745   3.016679    34.8702    27.9233    10.1602     91.635     0.0061    98.4226    1459.23   82.89342   -6.25922 0.0000e+00
       7733    277.138    274.000     1.2708   3.016442    34.8707    27.9239    10.1684     91.701     0.0015    98.4219    1459.23   82.89342   -6.25922 0.0000e+00
       7756    278.150    275.000     1.2684   3.016301    34.8709    27.9243    10.1795     91.796     0.0086    98.4226    1459.23   82.89342   -6.25920 0.0000e+00
       7780    279.162    276.000     1.2651   3.016075    34.8712    27.9247    10.1899     91.881    -0.0008    98.4233    1459.24   82.89342   -6.25920 0.0000e+00
       7803    280.174    277.000     1.2582   3.015539    34.8714    27.9254    10.1942     91.905     0.0005    98.4221    1459.22   82.89342   -6.25920 0.0000e+00
       7827    281.186    278.000     1.2534   3.015161    34.8713    27.9257    10.1948     91.899     0.0005    98.4125    1459.22   82.89342   -6.25920 0.0000e+00
       7850    282.199    279.000     1.2483   3.014747    34.8711    27.9259    10.2069     91.995    -0.0019    98.4233    1459.21   82.89342   -6.25918 0.0000e+00
       7874    283.211    280.000     1.2372   3.013808    34.8708    27.9264    10.2165     92.056    -0.0002    98.4233    1459.18   82.89342   -6.25918 0.0000e+00
       7898    284.223    281.000     1.2290   3.013111    34.8705    27.9267    10.2209     92.076     0.0054    98.4233    1459.16   82.89342   -6.25918 0.0000e+00
       7921    285.235    282.000     1.2206   3.012426    34.8705    27.9273    10.2141     91.995     0.0095    98.4233    1459.13   82.89342   -6.25918 0.0000e+00
       7945    286.247    283.000     1.2175   3.012188    34.8702    27.9273    10.2102     91.952     0.0067    98.4259    1459.14   82.89342   -6.25916 0.0000e+00
       7968    287.259    284.000     1.2136   3.011885    34.8701    27.9275    10.2305     92.126    -0.0012    98.4262    1459.14   82.89342   -6.25916 0.0000e+00
       7992    288.272    285.000     1.2111   3.011696    34.8699    27.9275    10.2205     92.030    -0.0002    98.4233    1459.14   82.89342   -6.25916 0.0000e+00
       8016    289.284    286.000     1.2090   3.011570    34.8700    27.9277    10.2313     92.122     0.0096    98.4233    1459.15   82.89343   -6.25916 0.0000e+00
       8039    290.296    287.000     1.2000   3.010835    34.8700    27.9284    10.2456     92.230     0.0096    98.4300    1459.13   82.89344   -6.25915 0.0000e+00
       8063    291.308    288.000     1.1910   3.010072    34.8697    27.9287    10.2376     92.137     0.0010    98.4298    1459.10   82.89344   -6.25914 0.0000e+00
       8086    292.320    289.000     1.1868   3.009735    34.8695    27.9288    10.2263     92.025    -0.0014    98.4283    1459.10   82.89344   -6.25914 0.0000e+00
       8110    293.332    290.000     1.1813   3.009287    34.8693    27.9291    10.2357     92.097    -0.0005    98.4259    1459.09   82.89344   -6.25914 0.0000e+00
       8134    294.345    291.000     1.1731   3.008610    34.8691    27.9295    10.2400     92.116    -0.0007    98.4201    1459.07   82.89344   -6.25913 0.0000e+00
       8157    295.357    292.000     1.1716   3.008509    34.8689    27.9294    10.2275     92.000     0.0059    98.4232    1459.08   82.89344   -6.25912 0.0000e+00
       8181    296.369    293.000     1.1667   3.008116    34.8687    27.9296    10.2494     92.185     0.0090    98.4234    1459.07   82.89344   -6.25912 0.0000e+00
       8204    297.381    294.000     1.1581   3.007397    34.8685    27.9301    10.2616     92.275     0.0002    98.4286    1459.05   82.89344   -6.25912 0.0000e+00
       8228    298.394    295.000     1.1551   3.007165    34.8683    27.9301    10.2368     92.044     0.0002    98.4248    1459.06   82.89344   -6.25911 0.0000e+00
       8251    299.406    296.000     1.1520   3.006931    34.8681    27.9302    10.2424     92.087     0.0089    98.4262    1459.06   82.89344   -6.25910 0.0000e+00
       8275    300.418    297.000     1.1477   3.006590    34.8680    27.9304    10.2452     92.102    -0.0009    98.4225    1459.05   82.89344   -6.25910 0.0000e+00
       8299    301.430    298.000     1.1452   3.006401    34.8677    27.9303    10.2501     92.140     0.0073    98.4230    1459.06   82.89344   -6.25910 0.0000e+00
