Sta0264.cnv
* Sea-Bird SBE 9 Data File:
* FileName = C:\Seabird\CTDDATA\test0264.hex
* Software Version Seasave V 7.26.7.107
* Temperature SN = 03-4535
* Conductivity SN = 2860
* Number of Bytes Per Scan = 44
* Number of Voltage Words = 5
* Number of Scans Averaged by the Deck Unit = 1
* NMEA Latitude = 82 52.68 N
* NMEA Longitude = 006 22.37 W
* NMEA UTC (Time) = Oct 02 2019 09:14:31
* NMEA baud rate = 9600
** Ship: "Kronprins Haakon"
** Station: 264
** Echodepth: 4175
** Log: 8016.022
** Wind-Dir Force(m/s): 18 07
** Air-temp (dry): -7.6
** Weather Sky: 2 8
** Sea Ice: 1 7
# nquan = 15
# nvalues = 3991                        
# units = specified
# name 0 = scan: Scan Count
# name 1 = prDM: Pressure, Digiquartz [db]
# name 2 = depSM: Depth [salt water, m]
# name 3 = t068C: Temperature [IPTS-68, deg C]
# name 4 = c0S/m: Conductivity [S/m]
# name 5 = sal00: Salinity, Practical [PSU]
# name 6 = sigma-é00: Density [sigma-theta, kg/m^3]
# name 7 = sbeox0Mg/L: Oxygen, SBE 43 [mg/l]
# name 8 = sbeox0PS: Oxygen, SBE 43 [% saturation]
# name 9 = flECO-AFL: Fluorescence, WET Labs ECO-AFL/FL [mg/m^3]
# name 10 = CStarTr0: Beam Transmission, WET Labs C-Star [%]
# name 11 = svCM: Sound Velocity [Chen-Millero, m/s]
# name 12 = latitude: Latitude [deg]
# name 13 = longitude: Longitude [deg]
# name 14 = flag: flag
# span 0 =       1932,     142081       
# span 1 =     14.151,   4086.069       
# span 2 =     14.000,   4004.000       
# span 3 =    -1.7444,     1.0535       
# span 4 =   2.511052,   3.010503       
# span 5 =    31.5783,    34.9310       
# span 6 =    25.3978,    28.0931       
# span 7 =     9.8465,    13.5910       
# span 8 =     84.580,    110.718       
# span 9 =    -0.0055,     0.2306       
# span 10 =    94.0553,    95.9658      
# span 11 =    1436.59,    1515.08      
# span 12 =   82.87808,   82.87871      
# span 13 =   -6.37154,   -6.34234      
# span 14 = 0.0000e+00, 0.0000e+00      
# interval = meters: 1                  
# start_time = Oct 02 2019 09:14:32 [System UTC, first data scan.]
# bad_flag = -9.990e-29
*END*
[from data line 2699]
      72853   2760.220   2713.000    -0.7277   2.953059    34.9268    28.0892    10.0209     85.840     0.0080    95.8215    1491.71   82.87854   -6.35700 0.0000e+00
      72876   2761.244   2714.000    -0.7276   2.953108    34.9269    28.0892     9.9992     85.654    -0.0051    95.7960    1491.73   82.87854   -6.35700 0.0000e+00
      72899   2762.268   2715.000    -0.7276   2.953144    34.9268    28.0892    10.0060     85.712     0.0084    95.8310    1491.74   82.87854   -6.35700 0.0000e+00
      72923   2763.292   2716.000    -0.7276   2.953182    34.9268    28.0892    10.0190     85.823     0.0032    95.8305    1491.76   82.87854 -9.990e-29 0.0000e+00
      72946   2764.316   2717.000    -0.7275   2.953236    34.9269    28.0893    10.0390     85.995     0.0017    95.8297    1491.78   82.87854 -9.990e-29 0.0000e+00
      72969   2765.340   2718.000    -0.7275   2.953278    34.9269    28.0893    10.0294     85.913     0.0017    95.8304    1491.79   82.87854 -9.990e-29 0.0000e+00
      72993   2766.364   2719.000    -0.7274   2.953323    34.9269    28.0893    10.0047     85.702     0.0020    95.8281    1491.81   82.87854 -9.990e-29 0.0000e+00
      73016   2767.388   2720.000    -0.7275   2.953363    34.9270    28.0893    10.0016     85.676     0.0014    95.8308    1491.83   82.87854 -9.990e-29 0.0000e+00
      73039   2768.412   2721.000    -0.7274   2.953408    34.9270    28.0893    10.0180     85.816     0.0020    95.8319    1491.85   82.87854 -9.990e-29 0.0000e+00
      73062   2769.436   2722.000    -0.7274   2.953439    34.9269    28.0892    10.0073     85.724     0.0017    95.8310    1491.87   82.87854 -9.990e-29 0.0000e+00
      73086   2770.460   2723.000    -0.7273   2.953484    34.9269    28.0892    10.0193     85.827     0.0024    95.8297    1491.88   82.87854 -9.990e-29 0.0000e+00
      73109   2771.484   2724.000    -0.7273   2.953536    34.9270    28.0893    10.0288     85.909     0.0094    95.8307    1491.90   82.87854   -6.35694 0.0000e+00
      73132   2772.508   2725.000    -0.7273   2.953579    34.9270    28.0893    10.0323     85.938     0.0032    95.8320    1491.92   82.87854   -6.35694 0.0000e+00
      73155   2773.532   2726.000    -0.7272   2.953623    34.9270    28.0893    10.0178     85.815     0.0013    95.8352    1491.94   82.87854   -6.35694 0.0000e+00
      73179   2774.556   2727.000    -0.7271   2.953661    34.9269    28.0893    10.0167     85.805     0.0020    95.8310    1491.95   82.87854   -6.35692 0.0000e+00
      73202   2775.580   2728.000    -0.7271   2.953706    34.9269    28.0893    10.0196     85.830     0.0020    95.8353    1491.97   82.87854   -6.35692 0.0000e+00
      73225   2776.604   2729.000    -0.7270   2.953759    34.9270    28.0893    10.0051     85.706     0.0046    95.8318    1491.99   82.87854   -6.35692 0.0000e+00
      73248   2777.628   2730.000    -0.7270   2.953794    34.9269    28.0893    10.0272     85.895     0.0081    95.8286    1492.01   82.87854   -6.35692 0.0000e+00
      73272   2778.652   2731.000    -0.7271   2.953835    34.9270    28.0894    10.0045     85.701     0.0019    95.8331    1492.03   82.87854   -6.35692 0.0000e+00
      73295   2779.676   2732.000    -0.7270   2.953887    34.9271    28.0894    10.0337     85.951     0.0023    95.8229    1492.04   82.87854   -6.35691 0.0000e+00
      73318   2780.700   2733.000    -0.7268   2.953935    34.9270    28.0893    10.0290     85.912     0.0017    95.8309    1492.06   82.87854   -6.35690 0.0000e+00
      73342   2781.724   2734.000    -0.7266   2.953995    34.9271    28.0894    10.0156     85.797     0.0011    95.8223    1492.08   82.87854   -6.35690 0.0000e+00
      73365   2782.748   2735.000    -0.7265   2.954035    34.9270    28.0894    10.0255     85.882     0.0023    95.8286    1492.10   82.87854   -6.35690 0.0000e+00
      73388   2783.772   2736.000    -0.7266   2.954074    34.9271    28.0894    10.0148     85.790     0.0023    95.8319    1492.12   82.87854   -6.35689 0.0000e+00
      73411   2784.796   2737.000    -0.7264   2.954127    34.9271    28.0894     9.9937     85.610     0.0018    95.8319    1492.13   82.87854   -6.35688 0.0000e+00
      73435   2785.820   2738.000    -0.7263   2.954172    34.9271    28.0894    10.0095     85.745     0.0019    95.8339    1492.15   82.87854   -6.35688 0.0000e+00
      73458   2786.845   2739.000    -0.7263   2.954218    34.9271    28.0894    10.0353     85.966     0.0020    95.8280    1492.17   82.87854   -6.35688 0.0000e+00
      73481   2787.868   2740.000    -0.7263   2.954249    34.9270    28.0894    10.0204     85.838     0.0017    95.8186    1492.19   82.87854   -6.35687 0.0000e+00
      73505   2788.892   2741.000    -0.7264   2.954290    34.9271    28.0894    10.0142     85.785     0.0020    95.8250    1492.20   82.87854   -6.35686 0.0000e+00
      73528   2789.917   2742.000    -0.7263   2.954328    34.9271    28.0894    10.0285     85.908     0.0020    95.8235    1492.22   82.87854   -6.35686 0.0000e+00
      73551   2790.941   2743.000    -0.7263   2.954370    34.9271    28.0895    10.0102     85.751     0.0017    95.8180    1492.24   82.87854   -6.35685 0.0000e+00
      73574   2791.965   2744.000    -0.7263   2.954412    34.9271    28.0894    10.0134     85.779     0.0020    95.8252    1492.26   82.87854   -6.35684 0.0000e+00
      73598   2792.989   2745.000    -0.7261   2.954469    34.9271    28.0894    10.0206     85.841     0.0070    95.8289    1492.27   82.87854   -6.35684 0.0000e+00
      73621   2794.013   2746.000    -0.7260   2.954524    34.9272    28.0895    10.0026     85.687     0.0052    95.8307    1492.29   82.87854   -6.35684 0.0000e+00
      73644   2795.037   2747.000    -0.7259   2.954565    34.9272    28.0895    10.0179     85.818     0.0020    95.8217    1492.31   82.87854   -6.35684 0.0000e+00
      73667   2796.061   2748.000    -0.7260   2.954596    34.9271    28.0894    10.0260     85.888     0.0020    95.8336    1492.33   82.87854   -6.35682 0.0000e+00
      73691   2797.085   2749.000    -0.7260   2.954637    34.9272    28.0896    10.0201     85.837     0.0023    95.8342    1492.35   82.87854   -6.35682 0.0000e+00
      73714   2798.109   2750.000    -0.7259   2.954685    34.9272    28.0895    10.0161     85.803     0.0018    95.8263    1492.36   82.87854   -6.35682 0.0000e+00
      73737   2799.133   2751.000    -0.7259   2.954729    34.9272    28.0895    10.0096     85.747     0.0094    95.7890    1492.38   82.87854   -6.35682 0.0000e+00
      73761   2800.158   2752.000    -0.7258   2.954768    34.9272    28.0895    10.0074     85.729     0.0096    95.8334    1492.40   82.87854   -6.35680 0.0000e+00
      73784   2801.182   2753.000    -0.7257   2.954824    34.9272    28.0896    10.0171     85.812     0.0037    95.8291    1492.42   82.87854   -6.35680 0.0000e+00
      73807   2802.206   2754.000    -0.7257   2.954870    34.9273    28.0896    10.0076     85.730     0.0068    95.8184    1492.43   82.87854   -6.35680 0.0000e+00
      73830   2803.230   2755.000    -0.7256   2.954907    34.9273    28.0896    10.0027     85.689     0.0058    95.8181    1492.45   82.87854   -6.35680 0.0000e+00
      73854   2804.254   2756.000    -0.7256   2.954943    34.9272    28.0896    10.0109     85.759     0.0023    95.8150    1492.47   82.87854   -6.35678 0.0000e+00
      73877   2805.278   2757.000    -0.7256   2.954985    34.9272    28.0895    10.0070     85.726     0.0022    95.8293    1492.49   82.87854   -6.35678 0.0000e+00
      73900   2806.303   2758.000    -0.7256   2.955026    34.9272    28.0895    10.0167     85.809     0.0021    95.8172    1492.50   82.87854   -6.35678 0.0000e+00
      73923   2807.327   2759.000    -0.7255   2.955072    34.9272    28.0895    10.0042     85.702     0.0020    95.8253    1492.52   82.87854   -6.35678 0.0000e+00
      73947   2808.351   2760.000    -0.7254   2.955130    34.9274    28.0897    10.0320     85.940     0.0020    95.8171    1492.54   82.87854   -6.35676 0.0000e+00
      73970   2809.375   2761.000    -0.7254   2.955168    34.9273    28.0896    10.0236     85.868     0.0017    95.8049    1492.56   82.87854   -6.35676 0.0000e+00
      73993   2810.399   2762.000    -0.7252   2.955214    34.9272    28.0895    10.0240     85.872     0.0023    95.8080    1492.58   82.87854   -6.35676 0.0000e+00
      74016   2811.423   2763.000    -0.7252   2.955262    34.9273    28.0896    10.0175     85.817     0.0020    95.8162    1492.59   82.87854   -6.35676 0.0000e+00
      74040   2812.447   2764.000    -0.7252   2.955302    34.9273    28.0896    10.0167     85.810     0.0019    95.8140    1492.61   82.87854   -6.35675 0.0000e+00
      74063   2813.472   2765.000    -0.7251   2.955346    34.9273    28.0896    10.0207     85.845     0.0018    95.8162    1492.63   82.87854   -6.35674 0.0000e+00
      74086   2814.496   2766.000    -0.7251   2.955385    34.9273    28.0896    10.0351     85.967     0.0020    95.8266    1492.65   82.87854   -6.35674 0.0000e+00
      74110   2815.520   2767.000    -0.7251   2.955431    34.9274    28.0897    10.0206     85.844     0.0032    95.8152    1492.66   82.87854   -6.35674 0.0000e+00
      74133   2816.544   2768.000    -0.7251   2.955477    34.9274    28.0897     9.9886     85.569     0.0092    95.8094    1492.68   82.87854   -6.35673 0.0000e+00
      74156   2817.569   2769.000    -0.7251   2.955509    34.9273    28.0896    10.0133     85.781     0.0019    95.8254    1492.70   82.87854   -6.35672 0.0000e+00
      74180   2818.593   2770.000    -0.7250   2.955560    34.9274    28.0897    10.0210     85.847     0.0010    95.8147    1492.72   82.87854   -6.35672 0.0000e+00
      74203   2819.617   2771.000    -0.7250   2.955600    34.9273    28.0897    10.0205     85.843     0.0021    95.8293    1492.74   82.87854   -6.35672 0.0000e+00
      74226   2820.641   2772.000    -0.7249   2.955649    34.9274    28.0898    10.0150     85.796     0.0019    95.8293    1492.75   82.87854   -6.35671 0.0000e+00
      74249   2821.665   2773.000    -0.7250   2.955690    34.9274    28.0898    10.0071     85.729     0.0020    95.8161    1492.77   82.87854   -6.35670 0.0000e+00
      74272   2822.690   2774.000    -0.7250   2.955724    34.9274    28.0897    10.0250     85.882     0.0020    95.8266    1492.79   82.87854   -6.35670 0.0000e+00
      74296   2823.714   2775.000    -0.7249   2.955777    34.9276    28.0899     9.9985     85.655     0.0023    95.8148    1492.81   82.87854   -6.35669 0.0000e+00
      74319   2824.738   2776.000    -0.7249   2.955814    34.9275    28.0898    10.0017     85.682     0.0029    95.8275    1492.83   82.87854   -6.35668 0.0000e+00
      74343   2825.763   2777.000    -0.7248   2.955856    34.9275    28.0898    10.0287     85.914     0.0089    95.8110    1492.84   82.87854   -6.35668 0.0000e+00
      74367   2826.787   2778.000    -0.7248   2.955903    34.9275    28.0898    10.0206     85.844     0.0019    95.8138    1492.86   82.87854   -6.35668 0.0000e+00
      74391   2827.811   2779.000    -0.7248   2.955935    34.9275    28.0898    10.0058     85.717     0.0017    95.8208    1492.88   82.87854   -6.35668 0.0000e+00
      74415   2828.835   2780.000    -0.7248   2.955983    34.9276    28.0899     9.9830     85.522     0.0020    95.8195    1492.90   82.87854   -6.35667 0.0000e+00
      74438   2829.859   2781.000    -0.7247   2.956020    34.9275    28.0898    10.0096     85.750     0.0017    95.8094    1492.91   82.87854   -6.35666 0.0000e+00
      74462   2830.884   2782.000    -0.7247   2.956069    34.9275    28.0898    10.0079     85.736     0.0073    95.8256    1492.93   82.87854   -6.35666 0.0000e+00
      74485   2831.908   2783.000    -0.7247   2.956120    34.9277    28.0900    10.0160     85.805     0.0055    95.8156    1492.95   82.87854   -6.35666 0.0000e+00
      74508   2832.932   2784.000    -0.7246   2.956154    34.9275    28.0899    10.0025     85.689     0.0014    95.8128    1492.97   82.87854   -6.35666 0.0000e+00
      74531   2833.957   2785.000    -0.7246   2.956191    34.9275    28.0899    10.0103     85.756     0.0017    95.8161    1492.98   82.87854 -9.990e-29 0.0000e+00
      74554   2834.981   2786.000    -0.7247   2.956231    34.9276    28.0899    10.0119     85.770     0.0013    95.8265    1493.00   82.87854 -9.990e-29 0.0000e+00
      74578   2836.005   2787.000    -0.7246   2.956263    34.9275    28.0898    10.0262     85.893     0.0020    95.8190    1493.02   82.87854 -9.990e-29 0.0000e+00
      74601   2837.029   2788.000    -0.7247   2.956297    34.9275    28.0898    10.0166     85.810     0.0022    95.8185    1493.04   82.87854   -6.35664 0.0000e+00
      74624   2838.054   2789.000    -0.7247   2.956340    34.9275    28.0899    10.0179     85.822     0.0018    95.8160    1493.05   82.87854   -6.35662 0.0000e+00
      74647   2839.078   2790.000    -0.7246   2.956390    34.9276    28.0899     9.9997     85.666     0.0020    95.8267    1493.07   82.87854   -6.35662 0.0000e+00
      74671   2840.102   2791.000    -0.7246   2.956426    34.9275    28.0898    10.0097     85.751     0.0020    95.8241    1493.09   82.87854   -6.35662 0.0000e+00
      74694   2841.127   2792.000    -0.7245   2.956479    34.9276    28.0899    10.0203     85.843     0.0020    95.8319    1493.11   82.87854   -6.35662 0.0000e+00
      74717   2842.151   2793.000    -0.7244   2.956525    34.9275    28.0899    10.0092     85.748     0.0023    95.8229    1493.13   82.87854   -6.35660 0.0000e+00
      74740   2843.175   2794.000    -0.7244   2.956564    34.9275    28.0899    10.0236     85.871     0.0016    95.8199    1493.14   82.87854   -6.35660 0.0000e+00
      74762   2844.199   2795.000    -0.7243   2.956616    34.9277    28.0900    10.0080     85.737     0.0014    95.8267    1493.16   82.87854   -6.35660 0.0000e+00
      74783   2845.224   2796.000    -0.7242   2.956664    34.9276    28.0900     9.9963     85.637     0.0022    95.8310    1493.18   82.87854   -6.35659 0.0000e+00
      74805   2846.248   2797.000    -0.7242   2.956712    34.9278    28.0901    10.0261     85.893     0.0023    95.8339    1493.20   82.87854   -6.35658 0.0000e+00
      74827   2847.273   2798.000    -0.7241   2.956751    34.9276    28.0899    10.0242     85.877     0.0013    95.8330    1493.22   82.87854 -9.990e-29 0.0000e+00
      74848   2848.297   2799.000    -0.7241   2.956787    34.9276    28.0899    10.0126     85.778     0.0020    95.8341    1493.23   82.87854 -9.990e-29 0.0000e+00
      74870   2849.321   2800.000    -0.7240   2.956834    34.9276    28.0899    10.0118     85.771     0.0023    95.8329    1493.25   82.87854 -9.990e-29 0.0000e+00
      74892   2850.346   2801.000    -0.7241   2.956875    34.9277    28.0901    10.0162     85.808     0.0020    95.8307    1493.27   82.87854   -6.35656 0.0000e+00
      74915   2851.370   2802.000    -0.7242   2.956894    34.9276    28.0900    10.0192     85.834     0.0095    95.8308    1493.28   82.87854   -6.35656 0.0000e+00
      74938   2852.395   2803.000    -0.7242   2.956940    34.9277    28.0900    10.0174     85.818     0.0029    95.8319    1493.30   82.87854   -6.35656 0.0000e+00
      74962   2853.419   2804.000    -0.7241   2.956984    34.9277    28.0900    10.0093     85.750     0.0081    95.8256    1493.32   82.87854   -6.35656 0.0000e+00
      74985   2854.443   2805.000    -0.7240   2.957037    34.9277    28.0900    10.0033     85.698     0.0042    95.8285    1493.34   82.87854   -6.35656 0.0000e+00
      75009   2855.467   2806.000    -0.7238   2.957084    34.9276    28.0900    10.0090     85.747     0.0017    95.8302    1493.36   82.87854   -6.35654 0.0000e+00
      75032   2856.492   2807.000    -0.7236   2.957141    34.9277    28.0901    10.0066     85.727     0.0023    95.8272    1493.37   82.87854   -6.35654 0.0000e+00
      75055   2857.516   2808.000    -0.7236   2.957188    34.9278    28.0901    10.0169     85.815    -0.0018    95.8331    1493.39   82.87854   -6.35654 0.0000e+00
