Sta0265.cnv
* Sea-Bird SBE 9 Data File:
* FileName = C:\Seabird\CTDDATA\Sta0265.hex
* Software Version Seasave V 7.26.7.107
* Temperature SN = 03-4535
* Conductivity SN = 2860
* Number of Bytes Per Scan = 38
* Number of Voltage Words = 5
* Number of Scans Averaged by the Deck Unit = 1
* NMEA Latitude = 82 53.62 N
* NMEA Longitude = 006 15.87 W
* NMEA UTC (Time) = Oct 04 2019 00:41:48
* NMEA baud rate = 9600
** Ship: "Kronprins Haakon"
** Station: 265
** Echodepth: 3866
** Log: 8039.242
** Wind-Dir Force(m/s): 08 03
** Air-temp (dry): -8.6
** Weather Sky: 0 9
** Sea Ice: 0 5
# nquan = 15
# nvalues = 3973                        
# units = specified
# name 0 = scan: Scan Count
# name 1 = prDM: Pressure, Digiquartz [db]
# name 2 = depSM: Depth [salt water, m]
# name 3 = t068C: Temperature [IPTS-68, deg C]
# name 4 = c0S/m: Conductivity [S/m]
# name 5 = sal00: Salinity, Practical [PSU]
# name 6 = sigma-é00: Density [sigma-theta, kg/m^3]
# name 7 = sbeox0Mg/L: Oxygen, SBE 43 [mg/l]
# name 8 = sbeox0PS: Oxygen, SBE 43 [% saturation]
# name 9 = flECO-AFL: Fluorescence, WET Labs ECO-AFL/FL [mg/m^3]
# name 10 = CStarTr0: Beam Transmission, WET Labs C-Star [%]
# name 11 = svCM: Sound Velocity [Chen-Millero, m/s]
# name 12 = latitude: Latitude [deg]
# name 13 = longitude: Longitude [deg]
# name 14 = flag: flag
# span 0 =        737,     111029       
# span 1 =      1.011,   4054.142       
# span 2 =      1.000,   3973.000       
# span 3 =    -1.7308,     1.2897       
# span 4 =   2.479716,   3.021848       
# span 5 =    29.7670,    34.9313       
# span 6 =    23.8831,    28.0935       
# span 7 =     8.9929,    14.8386       
# span 8 =     75.427,    121.908       
# span 9 =    -0.0061,     0.2024       
# span 10 =    91.2395,    96.2743      
# span 11 =    1436.58,    1514.50      
# span 12 =   82.89170,   82.89364      
# span 13 =   -6.26496,   -6.26450      
# span 14 = 0.0000e+00, 0.0000e+00      
# interval = meters: 1                  
# start_time = Oct 04 2019 00:41:48 [System UTC, first data scan.]
# bad_flag = -9.990e-29
*END*
[from data line 580]
      30334    599.244    592.000     0.3712   2.954632    34.8900    27.9982    10.4548     92.143     0.0074    96.1718    1460.48   82.89302   -6.26454 0.0000e+00
      30357    600.258    593.000     0.3715   2.954698    34.8899    27.9981    10.4554     92.150     0.0023    96.1708    1460.50   82.89302   -6.26454 0.0000e+00
      30381    601.272    594.000     0.3700   2.954617    34.8899    27.9982    10.4606     92.192     0.0023    96.1751    1460.51   82.89302   -6.26454 0.0000e+00
      30404    602.285    595.000     0.3638   2.954145    34.8902    27.9988    10.4459     92.048     0.0010    96.1728    1460.50   82.89302   -6.26454 0.0000e+00
      30428    603.299    596.000     0.3612   2.953965    34.8901    27.9989    10.4506     92.083     0.0018    96.1785    1460.50   82.89302   -6.26454 0.0000e+00
      30451    604.312    597.000     0.3588   2.953795    34.8900    27.9989    10.4418     92.000     0.0081    96.1728    1460.51   82.89302   -6.26454 0.0000e+00
      30475    605.326    598.000     0.3537   2.953401    34.8900    27.9992    10.4481     92.043     0.0096    96.1730    1460.50   82.89302   -6.26454 0.0000e+00
      30498    606.340    599.000     0.3508   2.953196    34.8900    27.9994    10.4523     92.073     0.0096    96.1740    1460.50   82.89302   -6.26454 0.0000e+00
      30522    607.354    600.000     0.3480   2.953001    34.8899    27.9995    10.4533     92.076     0.0053    96.1719    1460.51   82.89302   -6.26454 0.0000e+00
      30545    608.368    601.000     0.3457   2.952847    34.8900    27.9997    10.4687     92.206     0.0023    96.1717    1460.51   82.89302   -6.26454 0.0000e+00
      30569    609.381    602.000     0.3434   2.952679    34.8898    27.9997    10.4687     92.200     0.0038    96.1718    1460.52   82.89302   -6.26454 0.0000e+00
      30592    610.395    603.000     0.3413   2.952555    34.8899    27.9999    10.4681     92.190     0.0084    96.1719    1460.53   82.89302   -6.26454 0.0000e+00
      30615    611.408    604.000     0.3387   2.952367    34.8898    28.0000    10.4576     92.091     0.0018    96.1718    1460.53   82.89302   -6.26454 0.0000e+00
      30639    612.422    605.000     0.3372   2.952277    34.8898    28.0000    10.4673     92.172     0.0017    96.1725    1460.54   82.89302   -6.26454 0.0000e+00
      30662    613.436    606.000     0.3347   2.952118    34.8898    28.0002    10.4668     92.163     0.0082    96.1725    1460.55   82.89302   -6.26454 0.0000e+00
      30686    614.450    607.000     0.3332   2.952026    34.8898    28.0003    10.4574     92.076     0.0096    96.1725    1460.56   82.89302   -6.26454 0.0000e+00
      30709    615.464    608.000     0.3325   2.952019    34.8898    28.0003    10.4698     92.183     0.0096    96.1688    1460.57   82.89302   -6.26454 0.0000e+00
      30733    616.477    609.000     0.3310   2.951920    34.8897    28.0003    10.4626     92.117     0.0137    96.1717    1460.58   82.89302   -6.26454 0.0000e+00
      30756    617.491    610.000     0.3299   2.951874    34.8897    28.0004    10.4542     92.040     0.0094    96.1700    1460.59   82.89302   -6.26454 0.0000e+00
      30779    618.505    611.000     0.3273   2.951702    34.8898    28.0006    10.4667     92.144     0.0015    96.1681    1460.60   82.89302   -6.26454 0.0000e+00
      30803    619.519    612.000     0.3229   2.951376    34.8899    28.0010    10.4606     92.080     0.0014    96.1718    1460.59   82.89302   -6.26454 0.0000e+00
      30826    620.533    613.000     0.3183   2.951022    34.8899    28.0012    10.4528     92.000     0.0020    96.1750    1460.59   82.89302   -6.26454 0.0000e+00
      30850    621.546    614.000     0.3130   2.950611    34.8898    28.0015    10.4570     92.025     0.0015    96.1741    1460.58   82.89302   -6.26454 0.0000e+00
      30873    622.560    615.000     0.3086   2.950283    34.8899    28.0018    10.4657     92.091     0.0092    96.1707    1460.58   82.89302   -6.26454 0.0000e+00
      30897    623.574    616.000     0.3025   2.949811    34.8900    28.0022    10.4769     92.175     0.0158    96.1718    1460.57   82.89302   -6.26454 0.0000e+00
      30920    624.588    617.000     0.2997   2.949618    34.8900    28.0024    10.4585     92.006     0.0109    96.1729    1460.57 -9.990e-29   -6.26454 0.0000e+00
      30943    625.602    618.000     0.2976   2.949472    34.8899    28.0024    10.4639     92.049     0.0048    96.1570    1460.58 -9.990e-29   -6.26454 0.0000e+00
      30967    626.615    619.000     0.2965   2.949419    34.8899    28.0025    10.4823     92.207     0.0014    96.1580    1460.59 -9.990e-29   -6.26454 0.0000e+00
      30990    627.629    620.000     0.2950   2.949339    34.8899    28.0026    10.4754     92.144     0.0020    96.1716    1460.60   82.89300   -6.26454 0.0000e+00
      31014    628.643    621.000     0.2941   2.949298    34.8898    28.0026    10.4737     92.126     0.0042    96.1717    1460.61   82.89300   -6.26454 0.0000e+00
      31037    629.657    622.000     0.2921   2.949174    34.8899    28.0027    10.4719     92.106     0.0080    96.1718    1460.62   82.89300   -6.26454 0.0000e+00
      31061    630.671    623.000     0.2903   2.949068    34.8898    28.0028    10.4581     91.980     0.0024    96.1718    1460.63   82.89300   -6.26454 0.0000e+00
      31084    631.685    624.000     0.2873   2.948855    34.8900    28.0031    10.4632     92.017     0.0020    96.1718    1460.63   82.89300   -6.26454 0.0000e+00
      31107    632.698    625.000     0.2839   2.948617    34.8899    28.0033    10.4608     91.988     0.0020    96.1718    1460.63   82.89300   -6.26454 0.0000e+00
      31131    633.712    626.000     0.2824   2.948521    34.8898    28.0033    10.4762     92.120     0.0023    96.1718    1460.64   82.89300   -6.26454 0.0000e+00
      31154    634.726    627.000     0.2810   2.948440    34.8898    28.0033    10.4747     92.103     0.0074    96.1717    1460.65   82.89300   -6.26454 0.0000e+00
      31178    635.740    628.000     0.2799   2.948396    34.8898    28.0034    10.4650     92.016     0.0052    96.1717    1460.66   82.89300   -6.26454 0.0000e+00
      31201    636.754    629.000     0.2790   2.948362    34.8899    28.0035    10.4450     91.838     0.0056    96.1718    1460.68   82.89300   -6.26454 0.0000e+00
      31225    637.768    630.000     0.2780   2.948313    34.8897    28.0034    10.4419     91.808     0.0095    96.1707    1460.69   82.89300   -6.26454 0.0000e+00
      31248    638.782    631.000     0.2770   2.948274    34.8897    28.0035    10.4485     91.864     0.0096    96.1670    1460.70   82.89300   -6.26454 0.0000e+00
      31271    639.796    632.000     0.2741   2.948069    34.8898    28.0037    10.4608     91.965     0.0090    96.1689    1460.71   82.89300   -6.26454 0.0000e+00
      31295    640.809    633.000     0.2698   2.947754    34.8899    28.0041    10.4766     92.094     0.0021    96.1729    1460.70   82.89300   -6.26454 0.0000e+00
      31318    641.823    634.000     0.2677   2.947609    34.8897    28.0040    10.4688     92.020     0.0023    96.1718    1460.71   82.89300   -6.26454 0.0000e+00
      31342    642.837    635.000     0.2669   2.947585    34.8897    28.0041    10.4670     92.002     0.0017    96.1718    1460.72   82.89300   -6.26454 0.0000e+00
      31365    643.851    636.000     0.2651   2.947480    34.8898    28.0042    10.4681     92.008     0.0077    96.1380    1460.73   82.89300   -6.26454 0.0000e+00
      31388    644.865    637.000     0.2618   2.947240    34.8898    28.0044    10.4791     92.096     0.0048    96.1162    1460.73   82.89300   -6.26454 0.0000e+00
      31412    645.879    638.000     0.2592   2.947052    34.8897    28.0045    10.4745     92.049     0.0060    96.1736    1460.73   82.89300   -6.26454 0.0000e+00
      31435    646.893    639.000     0.2572   2.946941    34.8898    28.0047    10.4660     91.971     0.0067    96.1718    1460.74   82.89300   -6.26454 0.0000e+00
      31459    647.907    640.000     0.2566   2.946925    34.8897    28.0046    10.4590     91.907     0.0020    96.1726    1460.76   82.89300   -6.26454 0.0000e+00
      31482    648.921    641.000     0.2569   2.946994    34.8897    28.0047    10.4700     92.005     0.0023    96.1676    1460.77   82.89300   -6.26454 0.0000e+00
      31506    649.935    642.000     0.2566   2.947009    34.8897    28.0046    10.4745     92.043     0.0020    96.1719    1460.79   82.89300   -6.26454 0.0000e+00
      31529    650.948    643.000     0.2541   2.946852    34.8898    28.0049    10.4730     92.025     0.0023    96.1718    1460.80   82.89300   -6.26454 0.0000e+00
      31552    651.963    644.000     0.2522   2.946729    34.8897    28.0049    10.4683     91.979     0.0023    96.1715    1460.80   82.89300   -6.26454 0.0000e+00
      31576    652.977    645.000     0.2478   2.946400    34.8899    28.0053    10.4713     91.995     0.0144    96.1718    1460.80   82.89300   -6.26454 0.0000e+00
      31599    653.991    646.000     0.2436   2.946090    34.8899    28.0055    10.4726     91.996     0.0115    96.1718    1460.80   82.89300   -6.26454 0.0000e+00
      31623    655.005    647.000     0.2423   2.946018    34.8898    28.0056    10.4668     91.942     0.0096    96.1696    1460.81   82.89300   -6.26454 0.0000e+00
      31646    656.019    648.000     0.2421   2.946038    34.8897    28.0055    10.4549     91.837     0.0061    96.1669    1460.82   82.89300   -6.26454 0.0000e+00
      31669    657.032    649.000     0.2417   2.946057    34.8898    28.0056    10.4594     91.876     0.0020    96.1710    1460.84   82.89300   -6.26454 0.0000e+00
      31693    658.046    650.000     0.2407   2.946002    34.8896    28.0055    10.4681     91.949     0.0020    96.1707    1460.85   82.89300   -6.26454 0.0000e+00
      31716    659.060    651.000     0.2395   2.945940    34.8896    28.0056    10.4766     92.022     0.0032    96.1661    1460.86   82.89300   -6.26454 0.0000e+00
      31740    660.074    652.000     0.2351   2.945621    34.8897    28.0059    10.4708     91.960     0.0092    96.1698    1460.86   82.89300   -6.26454 0.0000e+00
      31763    661.089    653.000     0.2323   2.945422    34.8897    28.0061    10.4591     91.850     0.0023    96.1718    1460.86   82.89300   -6.26454 0.0000e+00
      31787    662.102    654.000     0.2297   2.945255    34.8899    28.0063    10.4579     91.834     0.0018    96.1726    1460.87   82.89300   -6.26454 0.0000e+00
      31810    663.116    655.000     0.2275   2.945112    34.8899    28.0065    10.4589     91.838     0.0080    96.1721    1460.87   82.89300   -6.26454 0.0000e+00
      31834    664.130    656.000     0.2260   2.945024    34.8898    28.0065    10.4751     91.976     0.0142    96.1707    1460.88   82.89300   -6.26454 0.0000e+00
      31857    665.145    657.000     0.2250   2.944974    34.8897    28.0065    10.4657     91.891     0.0128    96.1718    1460.90   82.89300   -6.26454 0.0000e+00
      31880    666.159    658.000     0.2220   2.944767    34.8899    28.0068    10.4727     91.945     0.0060    96.1660    1460.90   82.89300   -6.26454 0.0000e+00
      31904    667.172    659.000     0.2179   2.944468    34.8899    28.0070    10.4777     91.979     0.0019    96.1697    1460.90   82.89300   -6.26454 0.0000e+00
      31927    668.186    660.000     0.2165   2.944376    34.8897    28.0070    10.4650     91.864     0.0038    96.1707    1460.91   82.89300   -6.26454 0.0000e+00
      31951    669.201    661.000     0.2147   2.944273    34.8897    28.0071    10.4565     91.785     0.0099    96.1710    1460.92   82.89300   -6.26454 0.0000e+00
      31974    670.215    662.000     0.2129   2.944158    34.8897    28.0072    10.4661     91.866     0.0164    96.1694    1460.92   82.89300   -6.26454 0.0000e+00
      31998    671.229    663.000     0.2104   2.944004    34.8899    28.0075    10.4688     91.883     0.0027    96.1703    1460.93   82.89300   -6.26454 0.0000e+00
      32021    672.243    664.000     0.2097   2.943977    34.8897    28.0074    10.4664     91.861     0.0023    96.1718    1460.94   82.89300   -6.26454 0.0000e+00
      32044    673.257    665.000     0.2095   2.944008    34.8897    28.0074    10.4763     91.947     0.0127    96.1717    1460.96   82.89300   -6.26454 0.0000e+00
      32068    674.271    666.000     0.2090   2.944001    34.8896    28.0074    10.4744     91.929     0.0078    96.1718    1460.97   82.89300   -6.26454 0.0000e+00
      32091    675.285    667.000     0.2073   2.943906    34.8897    28.0076    10.4730     91.913     0.0022    96.1717    1460.98   82.89300   -6.26454 0.0000e+00
      32115    676.299    668.000     0.2051   2.943756    34.8897    28.0076    10.4676     91.860     0.0023    96.1686    1460.99   82.89300   -6.26454 0.0000e+00
      32138    677.313    669.000     0.2029   2.943620    34.8898    28.0078    10.4703     91.878     0.0023    96.1684    1461.00   82.89298   -6.26454 0.0000e+00
      32162    678.327    670.000     0.2008   2.943494    34.8898    28.0080    10.4664     91.840     0.0029    96.1729    1461.00   82.89298   -6.26454 0.0000e+00
      32185    679.341    671.000     0.1987   2.943356    34.8898    28.0081    10.4728     91.891     0.0096    96.1715    1461.01   82.89298   -6.26454 0.0000e+00
      32208    680.355    672.000     0.1969   2.943246    34.8899    28.0082    10.4590     91.765     0.0096    96.1681    1461.02   82.89298   -6.26454 0.0000e+00
      32232    681.369    673.000     0.1945   2.943091    34.8899    28.0084    10.4671     91.830     0.0030    96.1714    1461.02   82.89298   -6.26454 0.0000e+00
      32255    682.383    674.000     0.1932   2.943021    34.8898    28.0084    10.4736     91.885     0.0081    96.1718    1461.03   82.89298   -6.26454 0.0000e+00
      32279    683.397    675.000     0.1925   2.942998    34.8898    28.0084    10.4687     91.840     0.0044    96.1728    1461.05   82.89298   -6.26454 0.0000e+00
      32302    684.412    676.000     0.1906   2.942884    34.8898    28.0085    10.4758     91.898     0.0064    96.1719    1461.06   82.89298   -6.26454 0.0000e+00
      32325    685.426    677.000     0.1884   2.942748    34.8899    28.0088    10.4724     91.863     0.0096    96.1525    1461.06   82.89298   -6.26454 0.0000e+00
      32349    686.440    678.000     0.1858   2.942561    34.8899    28.0088    10.4661     91.800     0.0096    96.1697    1461.07   82.89298   -6.26454 0.0000e+00
      32372    687.454    679.000     0.1833   2.942402    34.8900    28.0091    10.4745     91.869     0.0080    96.1715    1461.07   82.89298   -6.26454 0.0000e+00
      32396    688.468    680.000     0.1817   2.942295    34.8898    28.0091    10.4774     91.890     0.0017    96.1696    1461.08   82.89298   -6.26454 0.0000e+00
      32419    689.482    681.000     0.1785   2.942092    34.8901    28.0094    10.4900     91.993     0.0023    96.1696    1461.08   82.89298   -6.26454 0.0000e+00
      32443    690.496    682.000     0.1771   2.942003    34.8900    28.0095    10.4798     91.900     0.0093    96.1707    1461.09   82.89298   -6.26454 0.0000e+00
      32466    691.510    683.000     0.1759   2.941946    34.8900    28.0095    10.4734     91.842     0.0033    96.1684    1461.11   82.89298   -6.26454 0.0000e+00
      32489    692.524    684.000     0.1739   2.941820    34.8900    28.0096    10.4737     91.839     0.0020    96.1708    1461.11   82.89298   -6.26454 0.0000e+00
      32513    693.539    685.000     0.1731   2.941795    34.8899    28.0096    10.4734     91.835     0.0064    96.1696    1461.13   82.89298   -6.26454 0.0000e+00
      32536    694.553    686.000     0.1722   2.941763    34.8900    28.0097    10.4821     91.909     0.0096    96.1625    1461.14   82.89298   -6.26454 0.0000e+00
