Sta0265.cnv
* Sea-Bird SBE 9 Data File:
* FileName = C:\Seabird\CTDDATA\Sta0265.hex
* Software Version Seasave V 7.26.7.107
* Temperature SN = 03-4535
* Conductivity SN = 2860
* Number of Bytes Per Scan = 38
* Number of Voltage Words = 5
* Number of Scans Averaged by the Deck Unit = 1
* NMEA Latitude = 82 53.62 N
* NMEA Longitude = 006 15.87 W
* NMEA UTC (Time) = Oct 04 2019 00:41:48
* NMEA baud rate = 9600
** Ship: "Kronprins Haakon"
** Station: 265
** Echodepth: 3866
** Log: 8039.242
** Wind-Dir Force(m/s): 08 03
** Air-temp (dry): -8.6
** Weather Sky: 0 9
** Sea Ice: 0 5
# nquan = 15
# nvalues = 3973                        
# units = specified
# name 0 = scan: Scan Count
# name 1 = prDM: Pressure, Digiquartz [db]
# name 2 = depSM: Depth [salt water, m]
# name 3 = t068C: Temperature [IPTS-68, deg C]
# name 4 = c0S/m: Conductivity [S/m]
# name 5 = sal00: Salinity, Practical [PSU]
# name 6 = sigma-é00: Density [sigma-theta, kg/m^3]
# name 7 = sbeox0Mg/L: Oxygen, SBE 43 [mg/l]
# name 8 = sbeox0PS: Oxygen, SBE 43 [% saturation]
# name 9 = flECO-AFL: Fluorescence, WET Labs ECO-AFL/FL [mg/m^3]
# name 10 = CStarTr0: Beam Transmission, WET Labs C-Star [%]
# name 11 = svCM: Sound Velocity [Chen-Millero, m/s]
# name 12 = latitude: Latitude [deg]
# name 13 = longitude: Longitude [deg]
# name 14 = flag: flag
# span 0 =        737,     111029       
# span 1 =      1.011,   4054.142       
# span 2 =      1.000,   3973.000       
# span 3 =    -1.7308,     1.2897       
# span 4 =   2.479716,   3.021848       
# span 5 =    29.7670,    34.9313       
# span 6 =    23.8831,    28.0935       
# span 7 =     8.9929,    14.8386       
# span 8 =     75.427,    121.908       
# span 9 =    -0.0061,     0.2024       
# span 10 =    91.2395,    96.2743      
# span 11 =    1436.58,    1514.50      
# span 12 =   82.89170,   82.89364      
# span 13 =   -6.26496,   -6.26450      
# span 14 = 0.0000e+00, 0.0000e+00      
# interval = meters: 1                  
# start_time = Oct 04 2019 00:41:48 [System UTC, first data scan.]
# bad_flag = -9.990e-29
*END*
[from data line 98]
      18096    111.215    110.000    -1.5774   2.710438    34.1141    27.4546    11.7686     97.987     0.0389    95.4535    1442.36   82.89328   -6.26456 0.0000e+00
      18120    112.226    111.000    -1.5670   2.711631    34.1180    27.4575    11.8432     98.638     0.0390    95.4727    1442.43 -9.990e-29   -6.26456 0.0000e+00
      18143    113.238    112.000    -1.5547   2.712992    34.1222    27.4605    11.8769     98.954     0.0390    95.4745    1442.51 -9.990e-29   -6.26456 0.0000e+00
      18166    114.249    113.000    -1.5423   2.714356    34.1262    27.4634    11.8754     98.977     0.0389    95.5007    1442.59 -9.990e-29   -6.26456 0.0000e+00
      18189    115.260    114.000    -1.4984   2.718558    34.1335    27.4681    11.8193     98.631     0.0318    95.4989    1442.83   82.89326   -6.26456 0.0000e+00
      18213    116.272    115.000    -1.4828   2.720402    34.1404    27.4732    11.7872     98.409     0.0316    95.5037    1442.93   82.89326   -6.26456 0.0000e+00
      18236    117.283    116.000    -1.4936   2.719834    34.1444    27.4767    11.7426     98.011     0.0374    95.5188    1442.90   82.89326   -6.26456 0.0000e+00
      18259    118.294    117.000    -1.4807   2.721324    34.1496    27.4805    11.6103     96.944     0.0341    95.5236    1442.98   82.89326   -6.26456 0.0000e+00
      18283    119.306    118.000    -1.4338   2.726106    34.1612    27.4886    11.4655     95.864     0.0316    95.5366    1443.24   82.89326   -6.26456 0.0000e+00
      18306    120.317    119.000    -1.4017   2.729505    34.1708    27.4954    11.4409     95.747     0.0374    95.5463    1443.42   82.89326   -6.26456 0.0000e+00
      18330    121.328    120.000    -1.3800   2.731876    34.1780    27.5005    11.4781     96.119     0.0462    95.5397    1443.55   82.89326   -6.26456 0.0000e+00
      18353    122.340    121.000    -1.3388   2.735811    34.1845    27.5044    11.4213     95.753     0.0434    95.5609    1443.77   82.89326   -6.26456 0.0000e+00
      18377    123.351    122.000    -1.2847   2.741211    34.1963    27.5122    11.3110     94.974     0.0316    95.5744    1444.06   82.89326   -6.26456 0.0000e+00
      18400    124.363    123.000    -1.2580   2.744431    34.2094    27.5220    11.2379     94.436     0.0389    95.5765    1444.22   82.89326   -6.26456 0.0000e+00
      18423    125.374    124.000    -1.2244   2.748254    34.2229    27.5318    11.1335     93.652     0.0314    95.5979    1444.42   82.89326   -6.26456 0.0000e+00
      18447    126.385    125.000    -1.2187   2.749695    34.2354    27.5417    11.0247     92.760     0.0316    95.6057    1444.48   82.89326   -6.26456 0.0000e+00
      18470    127.397    126.000    -1.2213   2.750025    34.2423    27.5474    10.9235     91.906     0.0313    95.6191    1444.49   82.89326   -6.26456 0.0000e+00
      18493    128.408    127.000    -1.2047   2.751747    34.2464    27.5502    10.8277     91.143     0.0313    95.6340    1444.59   82.89326   -6.26456 0.0000e+00
      18517    129.420    128.000    -1.1743   2.754883    34.2539    27.5552    10.8072     91.049     0.0316    95.6336    1444.76   82.89326   -6.26456 0.0000e+00
      18540    130.431    129.000    -1.1646   2.756157    34.2597    27.5595    10.8776     91.670     0.0341    95.6406    1444.83   82.89326   -6.26456 0.0000e+00
      18563    131.442    130.000    -1.1538   2.757679    34.2676    27.5656    10.9484     92.298     0.0390    95.6694    1444.91   82.89326   -6.26456 0.0000e+00
      18586    132.454    131.000    -1.1190   2.761546    34.2802    27.5746    10.9320     92.253     0.0384    95.6744    1445.11   82.89326   -6.26456 0.0000e+00
      18609    133.466    132.000    -1.0810   2.765477    34.2899    27.5810    10.9119     92.184     0.0312    95.6797    1445.32   82.89326   -6.26456 0.0000e+00
      18633    134.477    133.000    -1.0615   2.767771    34.2983    27.5871    10.9450     92.517     0.0313    95.6991    1445.44   82.89326   -6.26456 0.0000e+00
      18656    135.488    134.000    -1.0492   2.769266    34.3042    27.5914    10.9491     92.586     0.0313    95.7048    1445.52   82.89326   -6.26456 0.0000e+00
      18679    136.499    135.000    -1.0297   2.771529    34.3121    27.5971    10.8922     92.158     0.0255    95.7070    1445.64   82.89326   -6.26456 0.0000e+00
      18703    137.511    136.000    -1.0194   2.772780    34.3169    27.6006    10.8538     91.861     0.0243    95.7197    1445.71   82.89326   -6.26456 0.0000e+00
      18726    138.522    137.000    -1.0214   2.772909    34.3202    27.6034    10.8416     91.755     0.0271    95.7308    1445.72   82.89326   -6.26456 0.0000e+00
      18749    139.534    138.000    -1.0154   2.773723    34.3238    27.6061    10.8422     91.777     0.0286    95.7340    1445.77   82.89326   -6.26456 0.0000e+00
      18773    140.546    139.000    -0.9993   2.775407    34.3278    27.6088    10.8300     91.716     0.0259    95.7577    1445.87   82.89326   -6.26456 0.0000e+00
      18796    141.557    140.000    -0.9780   2.777648    34.3334    27.6125    10.8529     91.966     0.0310    95.7607    1445.99   82.89326   -6.26456 0.0000e+00
      18820    142.569    141.000    -0.9619   2.779429    34.3387    27.6161    10.9045     92.446     0.0316    95.7609    1446.09   82.89326   -6.26456 0.0000e+00
      18843    143.580    142.000    -0.9416   2.781865    34.3482    27.6230    10.9161     92.600     0.0316    95.7712    1446.22   82.89326   -6.26456 0.0000e+00
      18867    144.591    143.000    -0.9184   2.784364    34.3551    27.6277    10.9025     92.547     0.0246    95.7792    1446.35   82.89326   -6.26456 0.0000e+00
      18890    145.603    144.000    -0.8961   2.786778    34.3618    27.6323    10.8846     92.454     0.0300    95.7801    1446.48   82.89326   -6.26456 0.0000e+00
      18913    146.614    145.000    -0.8788   2.788861    34.3698    27.6381    10.8719     92.394     0.0316    95.7792    1446.59   82.89326   -6.26456 0.0000e+00
      18937    147.626    146.000    -0.8763   2.789382    34.3734    27.6409    10.8598     92.299     0.0307    95.7877    1446.63   82.89324   -6.26456 0.0000e+00
      18961    148.637    147.000    -0.8748   2.789704    34.3754    27.6425    10.8517     92.235     0.0282    95.8051    1446.65   82.89324   -6.26456 0.0000e+00
      18984    149.649    148.000    -0.8553   2.791825    34.3813    27.6464    10.8198     92.015     0.0288    95.8198    1446.77   82.89324   -6.26456 0.0000e+00
      19007    150.660    149.000    -0.8361   2.793908    34.3871    27.6504    10.8319     92.169     0.0350    95.8286    1446.88   82.89324   -6.26456 0.0000e+00
      19031    151.672    150.000    -0.8214   2.795508    34.3915    27.6533    10.8626     92.469     0.0174    95.8299    1446.97   82.89324   -6.26456 0.0000e+00
      19054    152.683    151.000    -0.8073   2.797125    34.3968    27.6570    10.8767     92.627     0.0241    95.8331    1447.06   82.89324   -6.26456 0.0000e+00
      19078    153.695    152.000    -0.7899   2.799142    34.4036    27.6619    10.8765     92.673     0.0169    95.8343    1447.17   82.89324   -6.26456 0.0000e+00
      19101    154.706    153.000    -0.7712   2.801248    34.4102    27.6664    10.8557     92.546     0.0230    95.8438    1447.28   82.89324   -6.26456 0.0000e+00
      19125    155.718    154.000    -0.7519   2.803282    34.4152    27.6697    10.8554     92.594     0.0296    95.8473    1447.40   82.89324   -6.26456 0.0000e+00
      19148    156.730    155.000    -0.7302   2.805526    34.4203    27.6729    10.8602     92.691     0.0173    95.8593    1447.52   82.89324   -6.26456 0.0000e+00
      19172    157.741    156.000    -0.6912   2.809365    34.4272    27.6768    10.8532     92.731     0.0166    95.8687    1447.73   82.89324   -6.26456 0.0000e+00
      19195    158.752    157.000    -0.6571   2.812855    34.4348    27.6815    10.8639     92.912     0.0206    95.8788    1447.92   82.89324   -6.26456 0.0000e+00
      19219    159.764    158.000    -0.6421   2.814641    34.4413    27.6862    10.8695     93.000     0.0164    95.8682    1448.01   82.89324   -6.26456 0.0000e+00
      19243    160.776    159.000    -0.6328   2.815714    34.4446    27.6884    10.8408     92.780     0.0179    95.8763    1448.08   82.89324   -6.26456 0.0000e+00
      19266    161.787    160.000    -0.6079   2.818276    34.4502    27.6919    10.7885     92.397     0.0236    95.8924    1448.22   82.89324   -6.26456 0.0000e+00
      19290    162.799    161.000    -0.5816   2.821014    34.4566    27.6959    10.7487     92.124     0.0160    95.8956    1448.36   82.89324   -6.26456 0.0000e+00
      19313    163.810    162.000    -0.5609   2.823150    34.4612    27.6987    10.7719     92.376     0.0239    95.8936    1448.48   82.89324   -6.26456 0.0000e+00
      19337    164.822    163.000    -0.5295   2.826311    34.4675    27.7024    10.7807     92.532     0.0243    95.9143    1448.66   82.89324   -6.26456 0.0000e+00
      19360    165.833    164.000    -0.5102   2.828271    34.4713    27.7046    10.7755     92.537     0.0186    95.9137    1448.77   82.89324   -6.26456 0.0000e+00
      19384    166.845    165.000    -0.4858   2.830771    34.4765    27.7077    10.7671     92.528     0.0164    95.9230    1448.90   82.89324   -6.26456 0.0000e+00
      19407    167.857    166.000    -0.4685   2.832555    34.4803    27.7100    10.7464     92.395     0.0205    95.9295    1449.00   82.89324   -6.26456 0.0000e+00
      19431    168.868    167.000    -0.4409   2.835371    34.4862    27.7135    10.7214     92.250     0.0192    95.9282    1449.16   82.89324   -6.26456 0.0000e+00
      19454    169.880    168.000    -0.4092   2.838609    34.4930    27.7175    10.6887     92.051     0.0134    95.9374    1449.33   82.89324   -6.26456 0.0000e+00
      19478    170.892    169.000    -0.3873   2.840884    34.4980    27.7205    10.6909     92.126     0.0210    95.9313    1449.46   82.89324   -6.26456 0.0000e+00
      19501    171.903    170.000    -0.3743   2.842249    34.5010    27.7224    10.6861     92.117     0.0096    95.9365    1449.54   82.89324   -6.26456 0.0000e+00
      19525    172.914    171.000    -0.3530   2.844449    34.5057    27.7251    10.6608     91.954     0.0156    95.9367    1449.66   82.89324   -6.26456 0.0000e+00
      19548    173.926    172.000    -0.3289   2.846903    34.5106    27.7279    10.6395     91.832     0.0098    95.9388    1449.79   82.89324   -6.26456 0.0000e+00
      19572    174.938    173.000    -0.3097   2.848896    34.5148    27.7305    10.6409     91.892     0.0220    95.9388    1449.91   82.89324   -6.26456 0.0000e+00
      19595    175.950    174.000    -0.2907   2.850880    34.5192    27.7331    10.6397     91.931     0.0240    95.9482    1450.01   82.89324   -6.26456 0.0000e+00
      19619    176.961    175.000    -0.2706   2.852928    34.5233    27.7354    10.6237     91.844     0.0230    95.9425    1450.13   82.89324   -6.26456 0.0000e+00
      19643    177.973    176.000    -0.2448   2.855526    34.5281    27.7380    10.6114     91.803     0.0198    95.9528    1450.27   82.89324   -6.26456 0.0000e+00
      19666    178.985    177.000    -0.2169   2.858306    34.5330    27.7406    10.6016     91.788     0.0157    95.9651    1450.42   82.89324   -6.26456 0.0000e+00
      19690    179.996    178.000    -0.1778   2.862234    34.5405    27.7447    10.5954     91.833     0.0144    95.9655    1450.63   82.89324   -6.26456 0.0000e+00
      19713    181.008    179.000    -0.1704   2.863082    34.5429    27.7463    10.6009     91.900     0.0096    95.9647    1450.69   82.89324   -6.26456 0.0000e+00
      19737    182.019    180.000    -0.1591   2.864293    34.5456    27.7479    10.5768     91.720     0.0096    95.9636    1450.76   82.89324   -6.26456 0.0000e+00
      19760    183.031    181.000    -0.1415   2.866094    34.5490    27.7498    10.5372     91.420     0.0093    95.9647    1450.86   82.89324   -6.26456 0.0000e+00
      19784    184.043    182.000    -0.1220   2.868080    34.5528    27.7519    10.5179     91.302     0.0150    95.9639    1450.97   82.89324   -6.26456 0.0000e+00
      19807    185.054    183.000    -0.0998   2.870341    34.5571    27.7542    10.5128     91.314     0.0099    95.9632    1451.10   82.89324   -6.26456 0.0000e+00
      19831    186.066    184.000    -0.0776   2.872604    34.5615    27.7566    10.5332     91.547     0.0130    95.9659    1451.22   82.89324   -6.26456 0.0000e+00
      19855    187.078    185.000    -0.0415   2.876161    34.5674    27.7595    10.5403     91.699     0.0108    95.9679    1451.41   82.89324   -6.26456 0.0000e+00
      19878    188.090    186.000     0.0175   2.882015    34.5777    27.7648    10.5227     91.694     0.0096    95.9684    1451.71   82.89324   -6.26456 0.0000e+00
      19902    189.101    187.000     0.0492   2.885294    34.5848    27.7689    10.5178     91.731     0.0122    95.9681    1451.88   82.89324   -6.26456 0.0000e+00
      19925    190.113    188.000     0.0671   2.887225    34.5896    27.7717    10.5074     91.686     0.0171    95.9665    1451.99   82.89324   -6.26456 0.0000e+00
      19949    191.125    189.000     0.0816   2.888739    34.5927    27.7735    10.4641     91.344     0.0164    95.9668    1452.08   82.89324   -6.26456 0.0000e+00
      19972    192.136    190.000     0.1010   2.890734    34.5966    27.7756    10.4099     90.920     0.0157    95.9679    1452.19   82.89324   -6.26456 0.0000e+00
      19996    193.148    191.000     0.1194   2.892631    34.6003    27.7776    10.3942     90.828     0.0168    95.9681    1452.29   82.89324   -6.26456 0.0000e+00
      20019    194.160    192.000     0.1435   2.895080    34.6048    27.7799    10.3910     90.861     0.0234    95.9740    1452.43   82.89324   -6.26456 0.0000e+00
      20040    195.171    193.000     0.1602   2.896793    34.6080    27.7816    10.4001     90.982     0.0239    95.9786    1452.52   82.89324   -6.26456 0.0000e+00
      20064    196.183    194.000     0.1855   2.899418    34.6135    27.7846    10.3981     91.028     0.0149    95.9843    1452.66   82.89324   -6.26456 0.0000e+00
      20084    197.195    195.000     0.2356   2.904424    34.6225    27.7891    10.3953     91.128     0.0097    95.9816    1452.92   82.89324   -6.26456 0.0000e+00
      20107    198.207    196.000     0.2408   2.905267    34.6271    27.7926    10.4046     91.224     0.0113    95.9858    1452.97   82.89323   -6.26456 0.0000e+00
      20139    199.219    197.000     0.2496   2.906357    34.6310    27.7952    10.3946     91.160     0.0124    95.9858    1453.03   82.89322   -6.26456 0.0000e+00
      20171    200.230    198.000     0.2744   2.908890    34.6358    27.7977    10.3429     90.768     0.0142    95.9909    1453.16   82.89322   -6.26456 0.0000e+00
      20202    201.242    199.000     0.3071   2.912114    34.6408    27.7998    10.3257     90.697     0.0035    95.9912    1453.34   82.89322   -6.26456 0.0000e+00
      20234    202.254    200.000     0.3694   2.918196    34.6500    27.8037    10.3469     91.036     0.0109    95.9976    1453.65   82.89322   -6.26456 0.0000e+00
      20876    203.266    201.000     0.3883   2.920515    34.6586    27.8096    10.2971     90.647     0.0167    95.9995    1453.76   82.89322   -6.26456 0.0000e+00
      21184    204.277    202.000     0.4413   2.925918    34.6692    27.8151    10.2583     90.437     0.0160    96.0041    1454.04   82.89322   -6.26456 0.0000e+00
      21200    205.289    203.000     0.4907   2.930683    34.6755    27.8172    10.2752     90.705     0.0097    96.0042    1454.29   82.89322   -6.26456 0.0000e+00
      21223    206.301    204.000     0.5381   2.935445    34.6839    27.8211    10.3172     91.193     0.0168    95.9875    1454.53   82.89322   -6.26456 0.0000e+00
