Sta0263.cnv
* Sea-Bird SBE 9 Data File:
* FileName = C:\Seabird\CTDDATA\Sta0263.hex
* Software Version Seasave V 7.26.7.107
* Temperature SN = 03-4535
* Conductivity SN = 2860
* Number of Bytes Per Scan = 44
* Number of Voltage Words = 5
* Number of Scans Averaged by the Deck Unit = 1
* NMEA Latitude = 82 53.54 N
* NMEA Longitude = 006 14.32 W
* NMEA UTC (Time) = Oct 01 2019 09:00:18
* NMEA baud rate = 9600
** Ship: "Kronprins Haakon"
** Station: 263
** Echodepth: 3900
** Log: 7990.487
** Wind-Dir Force(m/s): 20 09
** Air-temp (dry): -3.8
** Weather Sky: 2 6
** Sea Ice: 0 5
# nquan = 15
# nvalues = 4056                        
# units = specified
# name 0 = scan: Scan Count
# name 1 = prDM: Pressure, Digiquartz [db]
# name 2 = depSM: Depth [salt water, m]
# name 3 = t068C: Temperature [IPTS-68, deg C]
# name 4 = c0S/m: Conductivity [S/m]
# name 5 = sal00: Salinity, Practical [PSU]
# name 6 = sigma-é00: Density [sigma-theta, kg/m^3]
# name 7 = sbeox0Mg/L: Oxygen, SBE 43 [mg/l]
# name 8 = sbeox0PS: Oxygen, SBE 43 [% saturation]
# name 9 = flECO-AFL: Fluorescence, WET Labs ECO-AFL/FL [mg/m^3]
# name 10 = CStarTr0: Beam Transmission, WET Labs C-Star [%]
# name 11 = svCM: Sound Velocity [Chen-Millero, m/s]
# name 12 = latitude: Latitude [deg]
# name 13 = longitude: Longitude [deg]
# name 14 = flag: flag
# span 0 =        454,     122536       
# span 1 =     15.162,   4154.062       
# span 2 =     15.000,   4070.000       
# span 3 =    -1.7308,     1.3116       
# span 4 =   2.513518,   3.022596       
# span 5 =    31.6151,    34.9311       
# span 6 =    25.4277,    28.0933       
# span 7 =     9.6105,    13.1657       
# span 8 =     82.530,    107.310       
# span 9 =    -0.0071,     0.2261       
# span 10 =    90.7062,    96.9988      
# span 11 =    1436.68,    1516.29      
# span 12 =   82.89246,   82.89338      
# span 13 =   -6.23850,   -6.19366      
# span 14 = 0.0000e+00, 0.0000e+00      
# interval = meters: 1                  
# start_time = Oct 01 2019 09:00:19 [System UTC, first data scan.]
# bad_flag = -9.990e-29
*END*
[from data line 1061]
      25407   1090.446   1076.000    -0.2892   2.920574    34.9032    28.0454    10.1676     88.092     0.0023    96.9178    1465.58   82.89264   -6.22877 0.0000e+00
      25430   1091.462   1077.000    -0.2898   2.920581    34.9033    28.0456    10.1566     87.996     0.0020    96.9144    1465.59   82.89264   -6.22876 0.0000e+00
      25454   1092.478   1078.000    -0.2908   2.920550    34.9034    28.0457    10.1703     88.112     0.0016    96.9202    1465.60   82.89264   -6.22876 0.0000e+00
      25477   1093.494   1079.000    -0.2917   2.920513    34.9034    28.0458    10.1651     88.065     0.0018    96.9113    1465.62   82.89264   -6.22874 0.0000e+00
      25500   1094.510   1080.000    -0.2922   2.920518    34.9034    28.0458    10.1524     87.954     0.0014    96.8998    1465.63   82.89264   -6.22874 0.0000e+00
      25524   1095.526   1081.000    -0.2925   2.920530    34.9033    28.0458    10.1562     87.986     0.0035    96.9031    1465.64   82.89264   -6.22872 0.0000e+00
      25547   1096.543   1082.000    -0.2930   2.920539    34.9034    28.0459    10.1687     88.094     0.0077    96.9141    1465.66   82.89264   -6.22872 0.0000e+00
      25570   1097.559   1083.000    -0.2943   2.920475    34.9035    28.0459    10.1638     88.048     0.0000    96.9151    1465.67   82.89264   -6.22870 0.0000e+00
      25593   1098.575   1084.000    -0.2956   2.920418    34.9036    28.0461    10.1632     88.040    -0.0054    96.9152    1465.68   82.89264   -6.22868 0.0000e+00
      25616   1099.591   1085.000    -0.2959   2.920435    34.9036    28.0461    10.1616     88.025     0.0088    96.9049    1465.70   82.89264   -6.22868 0.0000e+00
      25639   1100.607   1086.000    -0.2961   2.920448    34.9035    28.0461    10.1602     88.013     0.0016    96.9187    1465.71   82.89264   -6.22866 0.0000e+00
      25663   1101.623   1087.000    -0.2966   2.920454    34.9035    28.0460    10.1701     88.097     0.0009    96.9191    1465.73   82.89264   -6.22866 0.0000e+00
      25686   1102.639   1088.000    -0.2970   2.920462    34.9035    28.0461    10.1728     88.120     0.0063    96.9178    1465.74   82.89264   -6.22864 0.0000e+00
      25709   1103.655   1089.000    -0.2974   2.920466    34.9034    28.0461    10.1727     88.118     0.0096    96.9200    1465.76   82.89264   -6.22864 0.0000e+00
      25732   1104.671   1090.000    -0.2979   2.920479    34.9036    28.0462    10.1644     88.045     0.0096    96.9134    1465.77   82.89264   -6.22862 0.0000e+00
      25755   1105.687   1091.000    -0.2985   2.920472    34.9035    28.0462    10.1541     87.954     0.0083    96.9169    1465.79   82.89264   -6.22860 0.0000e+00
      25779   1106.704   1092.000    -0.3001   2.920397    34.9038    28.0465    10.1507     87.921     0.0014    96.9144    1465.80   82.89264   -6.22860 0.0000e+00
      25802   1107.720   1093.000    -0.3010   2.920367    34.9038    28.0466    10.1387     87.815     0.0095    96.9123    1465.81   82.89264   -6.22858 0.0000e+00
      25825   1108.736   1094.000    -0.3008   2.920413    34.9037    28.0465    10.1560     87.965     0.0016    96.9166    1465.83   82.89264   -6.22858 0.0000e+00
      25849   1109.752   1095.000    -0.3010   2.920453    34.9038    28.0466    10.1714     88.099     0.0081    96.9162    1465.84   82.89264   -6.22857 0.0000e+00
      25872   1110.768   1096.000    -0.3019   2.920419    34.9038    28.0466    10.1683     88.070     0.0039    96.9107    1465.86   82.89264   -6.22856 0.0000e+00
      25895   1111.785   1097.000    -0.3044   2.920265    34.9040    28.0469    10.1532     87.934     0.0007    96.9167    1465.86   82.89264   -6.22855 0.0000e+00
      25918   1112.801   1098.000    -0.3057   2.920198    34.9040    28.0470    10.1573     87.966     0.0017    96.9148    1465.87   82.89264   -6.22853 0.0000e+00
      25941   1113.817   1099.000    -0.3068   2.920157    34.9041    28.0471    10.1461     87.866     0.0013    96.9153    1465.88   82.89264   -6.22852 0.0000e+00
      25964   1114.833   1100.000    -0.3074   2.920155    34.9041    28.0472    10.1377     87.793     0.0023    96.9144    1465.90   82.89264   -6.22851 0.0000e+00
      25988   1115.849   1101.000    -0.3086   2.920109    34.9043    28.0473    10.1541     87.931     0.0005    96.9115    1465.91   82.89264   -6.22850 0.0000e+00
      26011   1116.865   1102.000    -0.3089   2.920115    34.9042    28.0473    10.1599     87.981     0.0016    96.9010    1465.92   82.89264   -6.22849 0.0000e+00
      26034   1117.881   1103.000    -0.3095   2.920115    34.9042    28.0474    10.1510     87.903     0.0010    96.9110    1465.94   82.89264   -6.22848 0.0000e+00
      26057   1118.898   1104.000    -0.3107   2.920055    34.9042    28.0474    10.1607     87.984     0.0077    96.9190    1465.95   82.89264   -6.22847 0.0000e+00
      26080   1119.914   1105.000    -0.3113   2.920046    34.9043    28.0475    10.1457     87.853     0.0047    96.9151    1465.96   82.89264   -6.22845 0.0000e+00
      26104   1120.930   1106.000    -0.3118   2.920046    34.9043    28.0475    10.1477     87.869     0.0055    96.9188    1465.98   82.89264   -6.22844 0.0000e+00
      26127   1121.946   1107.000    -0.3122   2.920069    34.9044    28.0476    10.1578     87.956     0.0061    96.9132    1465.99   82.89264   -6.22843 0.0000e+00
      26150   1122.963   1108.000    -0.3129   2.920050    34.9044    28.0476    10.1422     87.819     0.0012    96.9116    1466.01   82.89264   -6.22842 0.0000e+00
      26174   1123.979   1109.000    -0.3140   2.920005    34.9044    28.0477    10.1398     87.796     0.0025    96.9152    1466.02   82.89264   -6.22841 0.0000e+00
      26197   1124.995   1110.000    -0.3143   2.920029    34.9046    28.0479    10.1425     87.818     0.0089    96.9179    1466.04   82.89264   -6.22840 0.0000e+00
      26220   1126.011   1111.000    -0.3148   2.920023    34.9045    28.0478    10.1465     87.852     0.0017    96.9143    1466.05   82.89264   -6.22840 0.0000e+00
      26243   1127.027   1112.000    -0.3150   2.920045    34.9044    28.0478    10.1522     87.900     0.0091    96.9189    1466.07   82.89264   -6.22838 0.0000e+00
      26267   1128.044   1113.000    -0.3156   2.920050    34.9046    28.0479    10.1568     87.939     0.0096    96.9141    1466.08   82.89264   -6.22836 0.0000e+00
      26290   1129.060   1114.000    -0.3163   2.920034    34.9045    28.0479    10.1496     87.875     0.0045    96.9166    1466.09   82.89264   -6.22836 0.0000e+00
      26313   1130.076   1115.000    -0.3166   2.920045    34.9044    28.0479    10.1485     87.865     0.0053    96.9145    1466.11   82.89264   -6.22834 0.0000e+00
      26336   1131.092   1116.000    -0.3174   2.920031    34.9046    28.0480    10.1647     88.003     0.0058    96.9178    1466.12   82.89264   -6.22834 0.0000e+00
      26359   1132.109   1117.000    -0.3189   2.919950    34.9047    28.0482    10.1559     87.924     0.0036    96.9172    1466.13   82.89264   -6.22832 0.0000e+00
      26383   1133.125   1118.000    -0.3203   2.919874    34.9047    28.0483    10.1499     87.868     0.0084    96.9161    1466.14   82.89264   -6.22832 0.0000e+00
      26406   1134.141   1119.000    -0.3210   2.919869    34.9047    28.0484    10.1485     87.855     0.0008    96.9141    1466.16   82.89264   -6.22830 0.0000e+00
      26429   1135.158   1120.000    -0.3217   2.919859    34.9048    28.0485    10.1552     87.911     0.0019    96.9162    1466.17   82.89264   -6.22828 0.0000e+00
      26452   1136.174   1121.000    -0.3222   2.919854    34.9048    28.0484    10.1509     87.873     0.0015    96.9201    1466.18   82.89264   -6.22828 0.0000e+00
      26476   1137.190   1122.000    -0.3226   2.919862    34.9048    28.0485    10.1621     87.969     0.0073    96.9129    1466.20   82.89264   -6.22826 0.0000e+00
      26499   1138.206   1123.000    -0.3236   2.919829    34.9048    28.0486    10.1557     87.911     0.0096    96.9151    1466.21   82.89264   -6.22826 0.0000e+00
      26522   1139.223   1124.000    -0.3243   2.919814    34.9048    28.0486    10.1588     87.937     0.0055    96.9140    1466.23   82.89264   -6.22824 0.0000e+00
      26545   1140.239   1125.000    -0.3248   2.919811    34.9048    28.0486    10.1457     87.822     0.0019    96.9201    1466.24   82.89264   -6.22824 0.0000e+00
      26568   1141.255   1126.000    -0.3255   2.919800    34.9049    28.0487    10.1416     87.784     0.0011    96.9223    1466.25   82.89264   -6.22823 0.0000e+00
      26592   1142.272   1127.000    -0.3272   2.919703    34.9050    28.0489    10.1553     87.900     0.0016    96.9197    1466.26   82.89264   -6.22821 0.0000e+00
      26615   1143.288   1128.000    -0.3288   2.919621    34.9051    28.0491    10.1509     87.859     0.0018    96.9192    1466.27   82.89264   -6.22820 0.0000e+00
      26638   1144.304   1129.000    -0.3298   2.919580    34.9051    28.0491    10.1495     87.844     0.0096    96.9183    1466.29   82.89264   -6.22819 0.0000e+00
      26661   1145.321   1130.000    -0.3311   2.919520    34.9052    28.0492    10.1489     87.835     0.0153    96.9175    1466.30   82.89264   -6.22818 0.0000e+00
      26684   1146.337   1131.000    -0.3320   2.919490    34.9053    28.0494    10.1464     87.811     0.0052    96.9129    1466.31   82.89264   -6.22817 0.0000e+00
      26707   1147.354   1132.000    -0.3332   2.919436    34.9053    28.0494    10.1487     87.829     0.0016    96.9205    1466.32   82.89264   -6.22816 0.0000e+00
      26730   1148.369   1133.000    -0.3346   2.919366    34.9053    28.0495    10.1344     87.702     0.0059    96.9169    1466.33   82.89264   -6.22815 0.0000e+00
      26754   1149.386   1134.000    -0.3356   2.919329    34.9054    28.0497    10.1343     87.698     0.0066    96.9209    1466.34   82.89264   -6.22813 0.0000e+00
      26777   1150.402   1135.000    -0.3364   2.919303    34.9054    28.0497    10.1508     87.840     0.0057    96.9133    1466.36   82.89264   -6.22811 0.0000e+00
      26800   1151.419   1136.000    -0.3377   2.919244    34.9056    28.0499    10.1356     87.705     0.0156    96.9225    1466.37   82.89264   -6.22810 0.0000e+00
      26824   1152.435   1137.000    -0.3385   2.919230    34.9057    28.0500    10.1309     87.663     0.0093    96.9223    1466.38   82.89264   -6.22809 0.0000e+00
      26847   1153.451   1138.000    -0.3391   2.919219    34.9056    28.0499    10.1425     87.761     0.0015    96.9224    1466.39   82.89264   -6.22807 0.0000e+00
      26870   1154.468   1139.000    -0.3393   2.919240    34.9055    28.0499    10.1491     87.818    -0.0046    96.9224    1466.41   82.89264   -6.22806 0.0000e+00
      26893   1155.484   1140.000    -0.3405   2.919190    34.9057    28.0501    10.1318     87.666     0.0058    96.9223    1466.42   82.89264   -6.22806 0.0000e+00
      26916   1156.501   1141.000    -0.3423   2.919095    34.9059    28.0504    10.1363     87.701     0.0045    96.9204    1466.43   82.89264   -6.22804 0.0000e+00
      26939   1157.517   1142.000    -0.3434   2.919046    34.9059    28.0504    10.1414     87.742     0.0012    96.9210    1466.44   82.89264   -6.22804 0.0000e+00
      26963   1158.533   1143.000    -0.3439   2.919041    34.9058    28.0504    10.1365     87.698     0.0044    96.9222    1466.46   82.89264   -6.22802 0.0000e+00
      26986   1159.550   1144.000    -0.3443   2.919064    34.9059    28.0505    10.1451     87.772     0.0077    96.9212    1466.47   82.89264   -6.22802 0.0000e+00
      27009   1160.566   1145.000    -0.3445   2.919076    34.9058    28.0504    10.1327     87.664     0.0023    96.9201    1466.49   82.89264   -6.22800 0.0000e+00
      27032   1161.582   1146.000    -0.3451   2.919071    34.9059    28.0505    10.1410     87.735     0.0096    96.9212    1466.50   82.89264   -6.22798 0.0000e+00
      27056   1162.599   1147.000    -0.3459   2.919056    34.9059    28.0506    10.1413     87.736     0.0012    96.9223    1466.52   82.89264   -6.22798 0.0000e+00
      27079   1163.615   1148.000    -0.3464   2.919044    34.9059    28.0506    10.1406     87.729     0.0016    96.9201    1466.53   82.89264   -6.22796 0.0000e+00
      27102   1164.632   1149.000    -0.3477   2.918996    34.9061    28.0508    10.1388     87.710     0.0015    96.9105    1466.54   82.89264   -6.22796 0.0000e+00
      27126   1165.648   1150.000    -0.3469   2.919110    34.9061    28.0508    10.1304     87.640     0.0014    96.9099    1466.56   82.89264   -6.22794 0.0000e+00
      27149   1166.665   1151.000    -0.3474   2.919117    34.9062    28.0509    10.1245     87.587     0.0020    96.9225    1466.58   82.89264   -6.22794 0.0000e+00
      27173   1167.681   1152.000    -0.3486   2.919062    34.9062    28.0510    10.1394     87.713     0.0004    96.9223    1466.59   82.89264   -6.22792 0.0000e+00
      27196   1168.697   1153.000    -0.3490   2.919074    34.9062    28.0510    10.1232     87.572     0.0002    96.9212    1466.60   82.89264   -6.22790 0.0000e+00
      27220   1169.714   1154.000    -0.3490   2.919123    34.9062    28.0510    10.1262     87.598     0.0029    96.9212    1466.62   82.89264   -6.22790 0.0000e+00
      27243   1170.730   1155.000    -0.3462   2.919420    34.9064    28.0511    10.1297     87.635     0.0093    96.9223    1466.65   82.89264   -6.22788 0.0000e+00
      27267   1171.747   1156.000    -0.3464   2.919458    34.9066    28.0512    10.1394     87.719     0.0020    96.9212    1466.67   82.89264   -6.22788 0.0000e+00
      27290   1172.763   1157.000    -0.3476   2.919393    34.9066    28.0512    10.1461     87.774     0.0090    96.9212    1466.68   82.89264   -6.22786 0.0000e+00
      27313   1173.780   1158.000    -0.3489   2.919321    34.9066    28.0513    10.1298     87.630     0.0014    96.9223    1466.69   82.89264   -6.22786 0.0000e+00
      27337   1174.796   1159.000    -0.3493   2.919339    34.9065    28.0513    10.1286     87.619     0.0016    96.9179    1466.70   82.89264   -6.22784 0.0000e+00
      27360   1175.813   1160.000    -0.3499   2.919322    34.9065    28.0513    10.1260     87.594     0.0057    96.9212    1466.72   82.89264   -6.22783 0.0000e+00
      27384   1176.829   1161.000    -0.3512   2.919270    34.9066    28.0514    10.1271     87.602     0.0053    96.9201    1466.73   82.89264   -6.22782 0.0000e+00
      27408   1177.845   1162.000    -0.3514   2.919311    34.9068    28.0516    10.1233     87.568     0.0014    96.9223    1466.74   82.89264   -6.22781 0.0000e+00
      27431   1178.862   1163.000    -0.3515   2.919340    34.9068    28.0516    10.1239     87.573     0.0017    96.9220    1466.76   82.89264   -6.22780 0.0000e+00
      27454   1179.878   1164.000    -0.3518   2.919358    34.9068    28.0516    10.1334     87.655     0.0007    96.9222    1466.78   82.89264   -6.22779 0.0000e+00
      27478   1180.895   1165.000    -0.3520   2.919385    34.9068    28.0517    10.1284     87.611     0.0018    96.9223    1466.79   82.89264   -6.22777 0.0000e+00
      27501   1181.911   1166.000    -0.3515   2.919478    34.9069    28.0517    10.1192     87.532     0.0162    96.9151    1466.81   82.89264   -6.22776 0.0000e+00
      27525   1182.928   1167.000    -0.3512   2.919555    34.9069    28.0517    10.1305     87.631     0.0020    96.8985    1466.83   82.89264   -6.22775 0.0000e+00
      27548   1183.945   1168.000    -0.3509   2.919642    34.9072    28.0519    10.1299     87.627     0.0011    96.9220    1466.85   82.89264   -6.22774 0.0000e+00
      27572   1184.961   1169.000    -0.3508   2.919688    34.9072    28.0519    10.1288     87.617     0.0017    96.9234    1466.87   82.89264   -6.22773 0.0000e+00
      27595   1185.978   1170.000    -0.3512   2.919700    34.9071    28.0519    10.1327     87.650     0.0017    96.9222    1466.88   82.89264   -6.22772 0.0000e+00
