Sta0267.cnv
* Sea-Bird SBE 9 Data File:
* FileName = C:\Seabird\CTDDATA\Sta0267.hex
* Software Version Seasave V 7.26.7.107
* Temperature SN = 03-4535
* Conductivity SN = 2860
* Number of Bytes Per Scan = 44
* Number of Voltage Words = 5
* Number of Scans Averaged by the Deck Unit = 1
* NMEA Latitude = 82 53.59 N
* NMEA Longitude = 006 15.63 W
* NMEA UTC (Time) = Oct 05 2019 09:47:40
* NMEA baud rate = 9600
** Ship: "Kronprins Haakon"
** Station: 267
** Echodepth: 3897
** Log: 8063.105
** Wind-Dir Force(m/s): 20 05
** Air-temp (dry): -5.8
** Weather Sky: 2 8
** Sea Ice: 0 5
# nquan = 15
# nvalues = 3951                        
# units = specified
# name 0 = scan: Scan Count
# name 1 = prDM: Pressure, Digiquartz [db]
# name 2 = depSM: Depth [salt water, m]
# name 3 = t068C: Temperature [IPTS-68, deg C]
# name 4 = c0S/m: Conductivity [S/m]
# name 5 = sal00: Salinity, Practical [PSU]
# name 6 = sigma-é00: Density [sigma-theta, kg/m^3]
# name 7 = sbeox0Mg/L: Oxygen, SBE 43 [mg/l]
# name 8 = sbeox0PS: Oxygen, SBE 43 [% saturation]
# name 9 = flECO-AFL: Fluorescence, WET Labs ECO-AFL/FL [mg/m^3]
# name 10 = CStarTr0: Beam Transmission, WET Labs C-Star [%]
# name 11 = svCM: Sound Velocity [Chen-Millero, m/s]
# name 12 = latitude: Latitude [deg]
# name 13 = longitude: Longitude [deg]
# name 14 = flag: flag
# span 0 =       1178,     158931       
# span 1 =     10.108,   4040.754       
# span 2 =     10.000,   3960.000       
# span 3 =    -1.7285,     1.2755       
# span 4 =   2.508343,   3.019872       
# span 5 =    31.5464,    34.9315       
# span 6 =    25.3719,    28.0936       
# span 7 =     9.8583,    13.5859       
# span 8 =     84.559,    110.638       
# span 9 =    -0.0103,     0.1811       
# span 10 =    96.5522,    98.5530      
# span 11 =    1436.51,    1514.27      
# span 12 =   82.89331,   82.89414      
# span 13 =   -6.26034,   -6.21253      
# span 14 = 0.0000e+00, 0.0000e+00      
# interval = meters: 1                  
# start_time = Oct 05 2019 09:47:40 [System UTC, first data scan.]
# bad_flag = -9.990e-29
*END*
[from data line 2025]
      48770   2067.082   2035.000    -0.6870   2.928662    34.9189    28.0789    10.0557     86.225     0.0007    98.4751    1480.10   82.89388   -6.24932 0.0000e+00
      48794   2068.103   2036.000    -0.6869   2.928711    34.9190    28.0790    10.0681     86.332     0.0073    98.4711    1480.12   82.89388   -6.24930 0.0000e+00
      48817   2069.124   2037.000    -0.6869   2.928761    34.9190    28.0790    10.0563     86.231    -0.0037    98.4590    1480.14   82.89388   -6.24930 0.0000e+00
      48840   2070.144   2038.000    -0.6868   2.928803    34.9189    28.0790    10.0497     86.175    -0.0030    98.4697    1480.16   82.89389   -6.24930 0.0000e+00
      48864   2071.166   2039.000    -0.6881   2.928735    34.9189    28.0790    10.0511     86.184    -0.0020    98.4762    1480.17   82.89390   -6.24929 0.0000e+00
      48887   2072.186   2040.000    -0.6893   2.928663    34.9188    28.0790    10.0770     86.403    -0.0065    98.4740    1480.18   82.89390   -6.24928 0.0000e+00
      48910   2073.207   2041.000    -0.6911   2.928535    34.9186    28.0789    10.0620     86.271    -0.0045    98.4732    1480.19   82.89390   -6.24928 0.0000e+00
      48934   2074.228   2042.000    -0.6912   2.928564    34.9186    28.0789    10.0588     86.242     0.0039    98.4618    1480.20   82.89390   -6.24927 0.0000e+00
      48957   2075.248   2043.000    -0.6910   2.928629    34.9187    28.0790    10.0596     86.250     0.0039    98.4630    1480.22   82.89390   -6.24926 0.0000e+00
      48980   2076.269   2044.000    -0.6913   2.928639    34.9186    28.0789    10.0734     86.368     0.0013    98.4622    1480.24   82.89390   -6.24926 0.0000e+00
      49004   2077.290   2045.000    -0.6919   2.928622    34.9185    28.0788    10.0637     86.283     0.0090    98.4590    1480.25   82.89390   -6.24925 0.0000e+00
      49027   2078.310   2046.000    -0.6923   2.928636    34.9186    28.0789    10.0494     86.160     0.0069    98.4562    1480.27   82.89390   -6.24924 0.0000e+00
      49050   2079.331   2047.000    -0.6911   2.928788    34.9187    28.0790    10.0504     86.171    -0.0028    98.4568    1480.29   82.89390   -6.24924 0.0000e+00
      49074   2080.352   2048.000    -0.6897   2.928977    34.9190    28.0792    10.0699     86.342    -0.0077    98.4514    1480.32   82.89390   -6.24923 0.0000e+00
      49097   2081.373   2049.000    -0.6887   2.929100    34.9190    28.0791    10.0656     86.307    -0.0015    98.4558    1480.34   82.89390   -6.24922 0.0000e+00
      49120   2082.393   2050.000    -0.6877   2.929238    34.9193    28.0793    10.0492     86.169    -0.0034    98.4556    1480.36   82.89390   -6.24922 0.0000e+00
      49144   2083.414   2051.000    -0.6881   2.929240    34.9191    28.0792    10.0304     86.007     0.0028    98.4560    1480.37   82.89390   -6.24921 0.0000e+00
      49167   2084.435   2052.000    -0.6886   2.929235    34.9191    28.0792    10.0525     86.195     0.0033    98.4492    1480.39   82.89390   -6.24920 0.0000e+00
      49190   2085.456   2053.000    -0.6900   2.929154    34.9190    28.0792    10.0744     86.379    -0.0044    98.4514    1480.40   82.89390   -6.24920 0.0000e+00
      49214   2086.476   2054.000    -0.6938   2.928850    34.9188    28.0792    10.0729     86.357    -0.0041    98.4557    1480.40   82.89390   -6.24919 0.0000e+00
      49237   2087.497   2055.000    -0.6949   2.928793    34.9187    28.0792    10.0762     86.383    -0.0013    98.4638    1480.41   82.89390   -6.24918 0.0000e+00
      49260   2088.518   2056.000    -0.6940   2.928900    34.9186    28.0790    10.0776     86.397    -0.0020    98.4718    1480.43   82.89390   -6.24918 0.0000e+00
      49284   2089.539   2057.000    -0.6940   2.928949    34.9186    28.0791    10.0815     86.430     0.0087    98.4557    1480.45   82.89390   -6.24918 0.0000e+00
      49307   2090.560   2058.000    -0.6945   2.928952    34.9187    28.0792    10.0591     86.238    -0.0009    98.4649    1480.46   82.89390   -6.24916 0.0000e+00
      49330   2091.580   2059.000    -0.6940   2.929029    34.9187    28.0791    10.0500     86.161    -0.0023    98.4502    1480.48   82.89390   -6.24916 0.0000e+00
      49354   2092.601   2060.000    -0.6933   2.929153    34.9189    28.0793    10.0622     86.267     0.0046    98.4559    1480.50   82.89390   -6.24916 0.0000e+00
      49377   2093.622   2061.000    -0.6931   2.929193    34.9187    28.0791    10.0626     86.271     0.0029    98.4557    1480.52   82.89390   -6.24914 0.0000e+00
      49400   2094.643   2062.000    -0.6955   2.929030    34.9187    28.0792    10.0580     86.226    -0.0038    98.4534    1480.53   82.89390   -6.24914 0.0000e+00
      49424   2095.664   2063.000    -0.6971   2.928924    34.9185    28.0792    10.0341     86.017    -0.0031    98.4549    1480.54   82.89390   -6.24914 0.0000e+00
      49447   2096.685   2064.000    -0.6974   2.928933    34.9184    28.0791    10.0501     86.154    -0.0028    98.4540    1480.55   82.89390   -6.24912 0.0000e+00
      49470   2097.706   2065.000    -0.6983   2.928899    34.9185    28.0792    10.0671     86.297    -0.0024    98.4500    1480.57   82.89390   -6.24912 0.0000e+00
      49494   2098.726   2066.000    -0.6984   2.928919    34.9183    28.0790    10.0595     86.232    -0.0025    98.4426    1480.58   82.89390   -6.24912 0.0000e+00
      49517   2099.747   2067.000    -0.6993   2.928887    34.9183    28.0791    10.0493     86.143     0.0077    98.4346    1480.60   82.89390   -6.24910 0.0000e+00
      49540   2100.768   2068.000    -0.7001   2.928849    34.9182    28.0790    10.0749     86.360     0.0017    98.4482    1480.61   82.89390   -6.24910 0.0000e+00
      49564   2101.789   2069.000    -0.7004   2.928872    34.9183    28.0792    10.0475     86.125    -0.0015    98.4492    1480.63   82.89390   -6.24910 0.0000e+00
      49587   2102.810   2070.000    -0.7006   2.928897    34.9183    28.0791    10.0555     86.193    -0.0013    98.4477    1480.64   82.89390   -6.24908 0.0000e+00
      49610   2103.831   2071.000    -0.7007   2.928917    34.9182    28.0791    10.0649     86.273     0.0020    98.4358    1480.66   82.89390   -6.24908 0.0000e+00
      49633   2104.852   2072.000    -0.7007   2.928965    34.9183    28.0791    10.0567     86.203     0.0092    98.4397    1480.68   82.89390   -6.24908 0.0000e+00
      49657   2105.873   2073.000    -0.7007   2.929010    34.9183    28.0792    10.0398     86.058     0.0114    98.4271    1480.69   82.89390   -6.24906 0.0000e+00
      49680   2106.893   2074.000    -0.7009   2.929023    34.9182    28.0791    10.0466     86.116    -0.0026    98.4244    1480.71   82.89390   -6.24906 0.0000e+00
      49703   2107.915   2075.000    -0.7009   2.929065    34.9182    28.0791    10.0479     86.126     0.0079    98.4222    1480.73   82.89390   -6.24906 0.0000e+00
      49727   2108.935   2076.000    -0.7009   2.929120    34.9183    28.0792    10.0458     86.109    -0.0010    98.4233    1480.75   82.89390   -6.24905 0.0000e+00
      49750   2109.956   2077.000    -0.7014   2.929117    34.9183    28.0792    10.0477     86.124    -0.0025    98.4240    1480.76   82.89390   -6.24904 0.0000e+00
      49773   2110.977   2078.000    -0.7013   2.929155    34.9182    28.0791    10.0396     86.055     0.0047    98.4218    1480.78   82.89390   -6.24903 0.0000e+00
      49797   2111.998   2079.000    -0.7017   2.929168    34.9182    28.0791    10.0357     86.020     0.0016    98.4226    1480.79   82.89390   -6.24902 0.0000e+00
      49820   2113.019   2080.000    -0.7018   2.929200    34.9182    28.0792    10.0395     86.052    -0.0037    98.4222    1480.81   82.89390   -6.24902 0.0000e+00
      49843   2114.040   2081.000    -0.7021   2.929227    34.9184    28.0793    10.0488     86.132    -0.0045    98.4222    1480.83   82.89390   -6.24901 0.0000e+00
      49867   2115.061   2082.000    -0.7022   2.929265    34.9184    28.0793    10.0383     86.042    -0.0041    98.4222    1480.84   82.89390   -6.24900 0.0000e+00
      49890   2116.082   2083.000    -0.7029   2.929236    34.9184    28.0793    10.0375     86.033    -0.0037    98.4201    1480.86   82.89390   -6.24900 0.0000e+00
      49913   2117.103   2084.000    -0.7032   2.929256    34.9184    28.0794    10.0440     86.089    -0.0026    98.4210    1480.87   82.89390   -6.24899 0.0000e+00
      49937   2118.124   2085.000    -0.7034   2.929280    34.9184    28.0794    10.0654     86.271     0.0080    98.4211    1480.89   82.89390   -6.24898 0.0000e+00
      49960   2119.144   2086.000    -0.7035   2.929309    34.9184    28.0794    10.0689     86.301    -0.0015    98.4157    1480.91   82.89390   -6.24898 0.0000e+00
      49983   2120.166   2087.000    -0.7035   2.929360    34.9185    28.0795    10.0595     86.220     0.0040    98.4187    1480.92   82.89390   -6.24897 0.0000e+00
      50007   2121.186   2088.000    -0.7029   2.929459    34.9185    28.0794    10.0591     86.219     0.0010    98.4233    1480.94   82.89390   -6.24896 0.0000e+00
      50030   2122.207   2089.000    -0.7028   2.929520    34.9187    28.0796    10.0510     86.149    -0.0036    98.4216    1480.96   82.89390   -6.24896 0.0000e+00
      50053   2123.228   2090.000    -0.7031   2.929526    34.9186    28.0795    10.0520     86.157    -0.0028    98.4229    1480.98   82.89390   -6.24895 0.0000e+00
      50077   2124.249   2091.000    -0.7037   2.929520    34.9186    28.0796    10.0363     86.021    -0.0024    98.4226    1480.99   82.89390   -6.24894 0.0000e+00
      50100   2125.270   2092.000    -0.7037   2.929547    34.9185    28.0795    10.0455     86.100    -0.0027    98.4222    1481.01   82.89390   -6.24894 0.0000e+00
      50123   2126.291   2093.000    -0.7043   2.929549    34.9186    28.0796    10.0684     86.295     0.0075    98.4211    1481.02   82.89390   -6.24894 0.0000e+00
      50147   2127.313   2094.000    -0.7044   2.929591    34.9187    28.0797    10.0449     86.093     0.0099    98.4244    1481.04   82.89390   -6.24892 0.0000e+00
      50170   2128.333   2095.000    -0.7043   2.929628    34.9185    28.0796    10.0471     86.112    -0.0022    98.4202    1481.06   82.89390   -6.24892 0.0000e+00
      50193   2129.354   2096.000    -0.7044   2.929666    34.9187    28.0797    10.0446     86.091    -0.0042    98.4198    1481.07   82.89390   -6.24892 0.0000e+00
      50217   2130.375   2097.000    -0.7046   2.929692    34.9186    28.0796    10.0451     86.095    -0.0040    98.4222    1481.09   82.89390   -6.24890 0.0000e+00
      50240   2131.396   2098.000    -0.7049   2.929702    34.9186    28.0796    10.0518     86.152    -0.0041    98.4203    1481.11   82.89390   -6.24890 0.0000e+00
      50263   2132.417   2099.000    -0.7049   2.929747    34.9186    28.0797    10.0612     86.232     0.0009    98.4205    1481.12   82.89390   -6.24890 0.0000e+00
      50287   2133.438   2100.000    -0.7052   2.929768    34.9187    28.0798    10.0649     86.263     0.0052    98.4192    1481.14   82.89390   -6.24888 0.0000e+00
      50310   2134.460   2101.000    -0.7056   2.929764    34.9186    28.0797    10.0505     86.138    -0.0030    98.4210    1481.16   82.89390   -6.24888 0.0000e+00
      50333   2135.480   2102.000    -0.7058   2.929799    34.9187    28.0798    10.0597     86.217    -0.0031    98.4188    1481.17   82.89390   -6.24888 0.0000e+00
      50357   2136.501   2103.000    -0.7059   2.929829    34.9188    28.0798    10.0543     86.171    -0.0103    98.4182    1481.19   82.89390   -6.24886 0.0000e+00
      50380   2137.522   2104.000    -0.7061   2.929852    34.9187    28.0798    10.0386     86.035    -0.0047    98.4207    1481.21   82.89390   -6.24886 0.0000e+00
      50403   2138.543   2105.000    -0.7062   2.929879    34.9186    28.0798    10.0337     85.993    -0.0032    98.4211    1481.22   82.89390   -6.24886 0.0000e+00
      50427   2139.565   2106.000    -0.7064   2.929915    34.9187    28.0798    10.0567     86.190    -0.0036    98.4201    1481.24   82.89390   -6.24884 0.0000e+00
      50450   2140.585   2107.000    -0.7063   2.929960    34.9187    28.0798    10.0432     86.074    -0.0040    98.4221    1481.26   82.89390   -6.24884 0.0000e+00
      50473   2141.606   2108.000    -0.7065   2.929985    34.9187    28.0798    10.0510     86.141    -0.0038    98.4208    1481.27   82.89390   -6.24884 0.0000e+00
      50496   2142.628   2109.000    -0.7071   2.929973    34.9186    28.0798    10.0494     86.126    -0.0032    98.4140    1481.29   82.89390   -6.24883 0.0000e+00
      50520   2143.649   2110.000    -0.7074   2.929984    34.9187    28.0799    10.0571     86.191    -0.0012    98.4121    1481.30   82.89390   -6.24882 0.0000e+00
      50543   2144.670   2111.000    -0.7077   2.929998    34.9186    28.0798    10.0525     86.151     0.0071    98.4154    1481.32   82.89390   -6.24882 0.0000e+00
      50566   2145.691   2112.000    -0.7077   2.930036    34.9186    28.0798    10.0480     86.112    -0.0029    98.4158    1481.34   82.89390   -6.24881 0.0000e+00
      50590   2146.712   2113.000    -0.7077   2.930080    34.9186    28.0798    10.0480     86.113    -0.0039    98.4099    1481.35   82.89390   -6.24880 0.0000e+00
      50613   2147.733   2114.000    -0.7076   2.930133    34.9187    28.0798    10.0616     86.229     0.0049    98.4102    1481.37   82.89390   -6.24880 0.0000e+00
      50636   2148.754   2115.000    -0.7083   2.930123    34.9187    28.0799    10.0617     86.229    -0.0006    98.4125    1481.38   82.89390   -6.24879 0.0000e+00
      50660   2149.775   2116.000    -0.7084   2.930155    34.9188    28.0800    10.0213     85.882    -0.0043    98.4085    1481.40   82.89390   -6.24878 0.0000e+00
      50683   2150.796   2117.000    -0.7083   2.930211    34.9188    28.0800    10.0358     86.006    -0.0040    98.4106    1481.42   82.89390   -6.24877 0.0000e+00
      50706   2151.817   2118.000    -0.7082   2.930252    34.9188    28.0800    10.0483     86.114    -0.0038    98.4215    1481.44   82.89390   -6.24876 0.0000e+00
      50730   2152.838   2119.000    -0.7085   2.930274    34.9189    28.0801    10.0390     86.033    -0.0013    98.4151    1481.45   82.89390   -6.24876 0.0000e+00
      50753   2153.860   2120.000    -0.7088   2.930300    34.9189    28.0801    10.0214     85.883     0.0083    98.4116    1481.47   82.89390   -6.24875 0.0000e+00
      50776   2154.880   2121.000    -0.7089   2.930327    34.9189    28.0801    10.0461     86.094    -0.0030    98.4161    1481.49   82.89390   -6.24874 0.0000e+00
      50800   2155.902   2122.000    -0.7089   2.930358    34.9188    28.0800    10.0644     86.250    -0.0036    98.4096    1481.50   82.89390   -6.24874 0.0000e+00
      50823   2156.923   2123.000    -0.7090   2.930401    34.9189    28.0801    10.0437     86.073    -0.0039    98.4180    1481.52   82.89390   -6.24873 0.0000e+00
      50846   2157.944   2124.000    -0.7092   2.930422    34.9189    28.0801    10.0486     86.114    -0.0032    98.4087    1481.54   82.89390   -6.24872 0.0000e+00
      50870   2158.965   2125.000    -0.7093   2.930454    34.9189    28.0802    10.0447     86.080    -0.0037    98.4144    1481.55   82.89390   -6.24872 0.0000e+00
      50893   2159.986   2126.000    -0.7096   2.930463    34.9188    28.0801    10.0398     86.038    -0.0031    98.4086    1481.57   82.89390   -6.24872 0.0000e+00
      50916   2161.007   2127.000    -0.7098   2.930498    34.9189    28.0802    10.0427     86.063     0.0000    98.4089    1481.59   82.89390   -6.24870 0.0000e+00
      50939   2162.028   2128.000    -0.7100   2.930513    34.9188    28.0801    10.0349     85.995     0.0072    98.4190    1481.60   82.89390   -6.24870 0.0000e+00
      50962   2163.050   2129.000    -0.7102   2.930545    34.9189    28.0802    10.0449     86.081     0.0073    98.4169    1481.62   82.89390   -6.24870 0.0000e+00
